-1.49999997344123
-1.50000007268736
-1.50000013161289
-1.500000032962185
-1.500000113845315
-1.50000030547744
-1.500000022493405
-1.499999897886435
-1.425918154546505
-1.425652158833995
-1.47040052738428
-1.42863410789774
-1.49999999132357
-1.49833957180975
-1.500000050804385
-1.50000007165987
-1.350558661670135
-1.49999994213849
-1.367800299444455
-1.45652208568967
-1.46490012098752
-1.49999983132181
-1.499999869451855
-1.44777192054832
-1.500000149317085
-1.4863481324325
-1.433259725967955
-1.499999983502325
-1.410662694123975
-1.441285383483845
-1.499999877956845
-1.50519818049939
-1.483592710943635
-1.499999829321475
-1.49409451484184
-1.49814724310222
-1.4984859670931
-1.500000066492905
-1.499999933123965
-1.500000020657255
-1.48418659412358
-1.47511706694664
-1.44190747042536
-1.500000254179935
-1.366026515241375
-1.500000227442
-1.4999997800404
-1.43889610395916
-1.414092473995085
-1.50000023259991
-1.500000149125125
-1.50000011780024
-1.499999969739725
-1.49557334421006
-1.499999817726965
-1.52230936529332
-1.499999964036185
-1.50000005008552
-1.500000280638405
-1.42946926088975
-1.500000088517515
-1.472969530124
-1.457735100488965
-1.499999921529255
-1.4857024517793
-1.49999989498827
-1.516318701335955
-1.470067369865965
-1.43203508526038
-1.499999972959925
-1.500000007568115
-1.499999935013865
-1.500000159578575
-1.489935746484075
-1.499999989606915
-1.49999990151282
-1.49999990538061
-1.49999990001381
-1.378554537156835
-1.49999995261516
-1.49999997756817
-1.49999987564083
-1.39977723459791
-1.500000282601445
-1.500000068330335
-1.48952723326595
-1.500000072184695
-1.44223975965574
-1.453902126488665
-1.50000007140442
-1.49999993207441
-1.4999999854023
-1.500000093159775
-1.457567586005435
-1.50000010855147
-1.50000009632977
-1.49999981187172
-1.499999843889725
-1.490109989958845
-1.471424626379195
-1.499999978165485
-1.500000111981145
-1.499999995299235
-1.499999877258155
-1.42716322625281
-1.5000002834376
-1.500000105928265
-1.387778646368815
-1.500000166522265
-1.49725951657485
-1.499999789557495
-1.4999999678579
-1.400235171692275
-1.500000102071575
-1.49999989682582
-1.478852153389235
-1.499999870764155
-1.500000224673805
-1.50000008018827
-1.49999987123062
-1.49999997004728
-1.50000004726974
-1.499999957167925
-1.500000148665265
-1.4999998686967
-1.49999990512119
-1.499999801460375
-1.499999969131845
-1.354848806200485
-1.49999988229154
-1.49999991964732
-1.499999986869935
-1.499999907395105
-1.3956424064016
-1.50000006675829
-1.499999961272825
-1.49684824373405
-1.405963409097705
-1.499999866212925
-1.37894505186441
-1.500000048283365
-1.40688130116874
-1.381307245142025
-1.511121178727
-1.500000022115015
-1.416247901926085
-1.34462442164376
-1.50000003430242
-1.49999993185789
-1.49999993132961
-1.32075268747122
-1.500000100715045
-1.497063743806785
-1.471772978975315
-1.49999999505212
-1.500000197458915
-1.446473512927935
-1.4940594213452
-1.499999947192685
-1.35064717454714
-1.48789244915451
-1.49999986834482
-1.500000147620805
-1.47387999183684
-1.4731227510747
-1.50000033288443
-1.4999999970499
-1.4197053286369
-1.494744292356215
-1.148855377946695
-1.50000019992217
-1.50000010027239
-1.41028787265849
-1.500000015215125
-1.500000224619355
-1.49720803263972
-1.43978447943863
-1.47062777459447
-1.521462985615895
-1.49999997562596
-1.499999998459495
-1.499999867220785
-1.50000014200965
-1.498240986012455
-1.499999997977785
-1.472335344973555
-1.499999979069045
-1.48108817132032
-1.49999997638345
-1.442322194180705
-1.499999968743875
-1.39776104405231
-1.4999999200759
-1.44243923619549
-1.499999864879005
-1.43176641396244
-1.499999949410325
-1.472678453606715
-1.414204908987045
-1.4999997649227
-1.489194440205485
-1.44677604716044
-1.49999977414798
-1.519001654106465
-1.499999991951405
-1.449419634814745
-1.48971612883092
-1.499999846609965
-1.402870259093085
-1.382302716012475
-1.50000013013018
-1.474341307462645
-1.499999953866945
-1.487990967130365
-1.453259580914275
-1.44272832193598
-1.499999969707895
-1.50000016662989
-1.500000200337425
-1.49258755546789
-1.460443519589005
-1.499999992130115
-1.46474366223207
-1.499999932516615
-1.500000003952475
-1.4999999590006
-1.499999917702725
-1.48945738770733
-1.502791326199105
-1.49999984540426
-1.49999999497191
-1.49999973901805
-1.37673697731453
-1.49999995451837
-1.499999933213775
-1.471091760505355
-1.490282096609745
-1.485872081785735
-1.49540840320949
-1.50000001900374
-1.499999754525845
-1.500000070393765
-1.50000002983283
-1.44068640094224
-1.49115069632068
-1.452140835633075
-1.473444569785195
-1.500000054445535
-1.342698640237245
-1.499999927817915
-1.499999924576545
-1.50000026994536
-1.50000012411825
-1.49999972778153
-1.357754886727785
-1.48976874548573
-1.48025150947925
-1.499999972335025
-1.50016711736349
-1.500000085397415
-1.4927666027076
-1.45556460401921
-1.49999997144733
-1.44660987457521
-1.500000207867795
-1.49999995609322
-1.49999991227722
-1.4975890423929
-1.5000000842334