-0.2398749057866537
-0.1867195400420238
-0.7422276560568088
-0.00045571631767621357
-0.529843966885206
-0.20386971974535928
-1.1523352693224282
0.179711633473165
-0.5184102953994687
-0.9909554057100028
-0.9936384511269898
-1.3369826874443163
-0.7792979265992626
-0.11105032691890393
-1.2459109955164553
-0.7941256164821704
0.015464135671234502
-0.6868678819214787
0.03638217320629719
-0.3911843208992242
0.04697833484061842
-0.8996257715895813
-0.9934783147789276
-0.6858700900331757
0.2543188113442105
-0.7269947270641797
-0.8363637756024276
-0.9683828140543508
0.1679871103117891
-0.5956148662370867
-0.6727321371220017
-1.211178277467626
-1.348839937015546
-0.7430492228371394
-1.115409729103141
-0.7130636333812945
-0.08489002556461211
-1.3195382400944722
0.31741217255951826
-1.042626832037048
0.8228194338313668
-0.3734656628896693
-1.2734245397296489
-0.11836071305207368
-0.9980447874506123
-0.3825308142678918
-0.9281402977469991
-0.9536043198577053
-0.5370523560232278
-0.5421812247186193
-1.2063006556009244
1.0470627797838112
0.02251930931601881
-0.3818106806092186
-1.0218495300888075
0.38863698685345205
-0.481163412138395
-0.8057287206163871
-0.7301717196433624
-0.6792618930553633
-1.1366148205729028
-1.0178116054146549
0.4974758687155319
0.6459408954783142
-0.7291101389810515
-0.6346152760033339
-1.0335547575045139
-1.1943994440789174
-0.2902822087333584
-1.0255227166923637
-0.9354191323449478
1.8277600510747183
-0.7655304735908581
-0.6926088164964603
-0.3925102386962597
-0.01386735134904471
-0.43215478072675567
-1.0738126953833602
-0.0413853774594634
-1.0937123920615968
-0.922280954512035
-1.0321524439736365
-0.31309630045839826
-1.106004280456534
0.02252809122304089
0.15471046146082812
0.7479994598553974
-0.9227168922937263
-0.26329841802686893
0.13323697455265116
-1.2984863864336453
-0.5554544638268957
0.13086725104134944
0.20997846919913743
-0.31070722287299585
0.927877992356411
-0.9365809179137499
-0.25162809835450367
-0.5587957124681675
1.2497156233781552
-0.4123397172733819
-0.8546482982641209
0.49277722538105184
-1.0869366781907361
0.9868159532636704
1.236803381935901
-0.42851921257763104
-0.5143347320053063
-0.6286022812013745
0.38371370113324443
1.0169931354667479
0.7512072977538415
-0.8988364121302528
-1.1344584797469621
-0.8066490523396803
0.6076859892041337
-0.915702405596609
-1.1260163740244646
-1.314422053145904
-1.1275376218616806
-0.8095090405839053
0.12104625902865518
-0.6953084740380551
-0.5690824151541931
0.6963113716757194
-0.9564522986324148
-1.29899242028909
-0.5645624569599894
-0.5453371472377573
-0.11339556501388504
-1.4969337531440745
-0.46621846770980685
-0.7280837607128814
-0.4589631143428875
-1.2105634785144392
-0.9671599185546795
0.3854227523280367
-0.2231672976270752
-1.017196394434694
-1.1897273104249897
1.102417787036142
0.18114875423621177
-0.7494246579033131
-1.4149151584831217
-1.0415260817583964
