-0.2092685938975587
0.22876514182691993
-0.9094075483926884
0.1364185954387801
-0.5634457902979928
-1.096711648233481
-0.8653595513638541
-1.3454688280287297
-0.7716339899218428
-1.1069153198220958
-0.8443545280698456
-0.8411026198293173
-0.5889449962714318
-1.0964116805093285
0.1964608784554554
-0.5389067729401522
-0.7594226486870577
0.2582087301983793
-0.6903622083360865
-0.635975104326647
-0.6642993094294634
0.4087437904317923
-0.4505952274187839
-1.0036917398484877
-0.283071304785216
-1.4685880605596966
-0.9513528402891216
-0.6229951934870155
-1.074742072799694
-0.8051525066587726
-1.2559596998571005
-0.22425526427834525
-0.5753095058172111
-0.481731614881563
-0.5542350486199151
-1.0853365328896674
-0.8784932670271108
-1.0210384821468848
-0.2926977108862697
-0.383198909662254
-0.8118966360211087
-1.471400386881394
-0.9774869400233941
-0.6954490971826703
-1.2996853345716783
-0.8665073819171185
-0.9372979296389035
-0.7719897328064423
-0.29585651644120436
-0.9939489477212384
-0.2758221220811238
-0.9382692708008449
-0.5524736588225523
-1.0926541667251168
-0.5463198198940096
-0.9332095682457896
-1.3513593844583318
-1.1738552469712227
-0.5931542334507544
-1.2043223431165
0.30490478217634437
-1.3358059592730254
0.009682624795351868
-0.8727721149322887
0.027036735239703735
-0.5824951544668925
-0.4944310716314612
-0.6444036306588694
-0.43927032808163285
-0.42770992610111985
-1.2594800102017425
0.0773733067926343
-0.424829034531647
-1.2849135542774421
-0.4687023672485929
-0.46878207371055536
0.008384272747143151
-0.48898747526083997
0.04340114640497439
-0.7151078115753398
0.30855052154740537
-0.5083562489341396
-0.13882776045658551
-0.2491920718396199
-0.7858888352398515
-0.3979294889257785
-0.9379443604387646
-0.9486473874552994
-1.2489159206683347
-1.1218117094220017
-1.453422058038416
-0.05821123454010135
-0.8642618763389848
-1.0506586937253717
-0.5736798764351214
-0.2839002267304347
-0.899950783820776
-1.4225794672441125
-0.5970527759070293
0.5299417053087055
-0.8262622490401029
-0.7889417739126362
-0.8410966729890208
0.70303502469839
-0.16904840009614241
-0.7890877236939874
-0.12963514219745398
-0.050028317842954584
-0.7935007874350063
-1.2947780844222208
-1.2344710527735656
-0.07459269717576206
-0.2955493247942762
-0.7078372067222658
-0.9436718152714153
-0.8361767845260513
-0.3117392393844366
-0.43154917735265663
-0.7601129731767835
-0.9851467393619039
-1.1810894971977617
-0.3309469957736662
-0.8310558485665042
-0.4691396967646345
-0.9965720823361047
-1.0493795952706644
-0.8762363033146164
-0.7949023960333125
-0.9402131280260024
-1.3059291971137568
-1.1856877077747665
-0.8094822528642498
-0.52650098296395
-0.7932029219158961
-0.42342325194409297
-0.47515804247364946
-1.3163631282807269
-0.5559251074558818
-0.7606556152764272
-1.2617797906039288
-1.3449928275711636
-1.2163332400602802
-0.9225890591861691
-1.1368835544366083
-1.0606633630610829
-0.4048087889755888
-0.7668401330966096
-0.7960236272140845
-0.8781732765909934
-0.5288204548663413
0.9340294712077724
-0.8112542684704057
0.07577420515661372
-0.5469270595332094
-0.824213064828842
-1.013174164039965
-0.7057313066340217
-0.8092919285717467
-0.8013604932122027
-1.3643863240601692
-0.8028084230808402
-0.004569074615303814
-1.3181171253746653
-1.4826572566620333
-1.0718563906196374
-0.2972297723762278
-0.05852746588804281
-0.55021400095734
0.2768904841789779
-0.010490625167795725
-0.7379559823789357
-0.7611159762536609
-0.7785977152716641
-0.9151412343418588
-0.7210171799250766
-1.1940489869877646
-1.080814069139972
-0.8455093086963245
-0.831248055410739
-0.7825060880045092
-0.9210009836846651
-0.39839186772792634
-1.0459136800056463
-0.4140387653261884
-0.18589268501157521
-0.5555262517597224
0.462444546181064
-1.4026288705340302
-1.0291009997131506
-0.8915415858608788
-0.8491963808528121
-0.040626883567824984
-0.3297055746381584
-0.05017117100325663
0.6493410868013124
-0.4342416811455687
-1.3883934745414908
0.08483415220716062
-1.437579762405727
-1.0456540378648356
-1.1560819600851868
-0.6794601196825574
-0.3585886499950939
-1.4195945265719287
-0.989113150546656
-1.3335407989131682
-1.1592626762909812
-0.7499751978095244
-0.505003849058193
0.36334105405254724
-0.618662998646673
-0.7238780100676905
-1.2289548018352137
-0.9611088607274735
-0.9861337601893996
0.20114540096914305
0.20261566704015355
-1.1662609839069966
-0.5574814853114596
-1.1827500518920346
-0.7435777794531331
-0.19644187735094876
-1.150329471214872
-1.3966282512368438
-0.3112274973829907
-1.29022697758131
-0.7864156023254647
-0.839109973942749
-0.8440248283213491
-1.4616631566360498
-0.9839423203744393
-1.0225574206178885
-1.1124036308579879
-0.9274202313096019
-0.8038045627280275
-0.6599105968993995
-1.2747779322320312
-1.0510149600668919
-1.0319531037699248
-0.3672323678537053
-0.47251179239795194
-0.699768493133079
-0.5828763010252509
-0.8016121719700264
-0.5194346604162577
-0.19922030048322237
-0.5241030156334505
-1.0020650326614142
0.15094306433793026
0.21789796243445636
-0.4080413260451578
-1.4400196973895572
-1.0405933388603523
-0.9539767160343318
-0.7157015167083541
-0.7184517810056261
-0.6110602598288775
-0.31593389257931115
0.3230184940991917
-1.267562514037993
0.42612996533092085
0.6351065458659869
-1.2252136208122373
-0.7114173024504855
-1.3397480100670869
-1.026855011807632
-0.7549563440759939
-0.4953879990340534
-1.1791661642925302
-1.1266464239830747
0.18818465823385522
-0.8872522778355494
-0.6557353671157207
-1.4169419006400612
-0.5375882368052676
-0.8867783956816209
-0.468601666117908
-0.6977121069712631
-0.9131443596087966
-0.9080371054121222
-0.6816950978075665
0.025436851431530072
-0.6479042774755963
-1.069453124786663
0.08133922801705816
-0.0019161725075492742
-0.7797232877316753
-0.3267032866933006
0.030384133646174205
-1.053609372497028
-1.1450550997285238
-0.5692426195320569
-0.5425923971613136
0.32003939293112504
-0.5845030858360928
-1.255673341919414
-0.6499454289893412
-0.7778267210978014
-0.9399482098215121
-0.20981874552218788
-1.1158208520522164
-0.8876105747271861
0.32470309207093784
0.21724729528475162
-0.4819384356234038
-0.7420417032796345
-0.9187296844265975
-1.3697050385852676
-0.4948826341247276
-1.1366742433454327
-0.62568930667594
-1.2142031101859567
-0.04417770986153091
-0.7822543413864004
-1.006336233206773
-1.0478482307876795
-1.2224249127508404
-1.0213068746038525
0.02091779686573389
-0.0020428946014112714
-1.3669695662174912
-0.5288225630627146
0.10672761210560666
-0.650126814649211
-0.6420992600464347
-0.6450881062338719
-1.1377903443955912
-0.25121908896531164
-0.7826929386778989
-0.8562320651727205
-1.309183191887572
-1.2046161789420378
0.16452611564300407
-0.2535395434602479
-0.6553101805713513
-0.7636982045996392
-0.08779091196100458
-1.164364279077277
-0.5930517262275545
-1.2060730271870665
-1.216991147359686
0.5567413887087813
-0.7279431860826922
-1.0618910780087574
-0.64391573911512
0.6718806388566325
-0.9095962570176956
-1.2581914788587656
-1.2957069573808937
-1.1038372077329135
0.30428022844088565
-0.6524047171749949
-0.508692399018099
0.22586768935656987
-0.6950300048163819
-0.6109725851325902
-0.6341161257337473
-1.2501291494335305
-1.3098994468507148
-1.443830343277301
-1.1209903336489706
-1.0743909437932349
-0.6600289832510227
-1.1004200196510925
0.5380082714125204
-1.3486708625674022
-0.5587730878191068
-0.2653169568445934
-0.7516426821716516
0.8564679055775618
-1.1155172780849365
-1.133622403419878
-0.5852423238817848
-0.3744962534062096
0.06907400587844381
1.1269429264033457
0.6075153891790817
-1.245944763107546
-1.0026425009579754
-0.9221851228732064
-0.23682901599025186
-0.2449808825211479
-1.0457062909699613
-0.8043104041643926
-0.42790471931505536
-0.3003072197311707
-0.05201869017984284
-1.0484496812465427
-1.163554633599619
-0.5570904194328237
-1.39200285110042
-1.376863313275267
-0.9839362418977646
-1.1064871619049517
-0.7324050643235865
-0.11842088297636788
-0.25563743145937967
-1.4640937206354754
-0.8916619758081185
-1.1817452330138205
-0.3609226033386589
-0.7180846370660681
-0.9981565769430681
-1.3909105563032842
-0.7743539210789201
-0.9870875191020569
-0.7008060567656991
-0.7922201150568835
-0.38528985200666055
-1.2087151730113428
-0.45210958804501866
-0.2465303160098633
-1.3427940055445142
-0.46951706480244143
-0.8398556166721441
-0.8964416730564783
-0.7937031789810716
0.2926714964637762
-0.6980626423692364
-0.36438184523902994
-0.9783795803088859
-0.9088390684179575
-0.06728281117800305
-0.33396661017243334
-0.8938353701691021
-0.02129712247824378
-0.9053266597268705
-0.7731577222272402
1.002088764786565
-0.9272257996341772
-0.8203089426126599
-0.7674495378750361
-0.10634592337437876
-1.1150563599460868
-0.8993693789405478
0.11454537545787813
-0.6433242386114093
-0.5487542846377279
-0.9114657439560738
-0.18488057769368005
-0.7567790235953928
0.43402698126618
-0.8489978006550154
-0.7470805876806541
-0.1580010733420043
-0.5956418878278085
0.22447937251794758
-0.08034874078737109
-1.0851390134679735
-0.909849034019249
-0.8321057485777131
-0.5514477134603717
0.385970705232368
-0.697564977587135
-0.7225668044597064
-1.0115543626200565
-1.0944708789521669
0.41973422283609296
-0.7242515954114209
-0.8958347635506155
-1.2926774391975613
-0.9176771788701051
-0.22941155009692973
-0.5095502363192241
-0.4815252225750285
-0.4928054755933606
-0.6919148262361582
-0.5249557674851781
-0.829646065202207
-0.8347233556146947
-0.7526013518350234
-0.9307355466694037
-0.717053699921466
-0.7084111554333612
-1.1608685266090366
-0.8473399630301309
-0.9247033355970818
-0.24842094536454007
-1.4228606107321295
-0.4310505411959356
-0.41781966514675917
0.00450518604186767
-0.17407893291522725
-0.16581842842390537
-1.31620498789391
0.03656654515822705
-0.5493616437873333
-0.9909309026772708
-0.736147948496666
-0.5730815625747648
-0.80557502793914
-0.7922844035574079
-0.04985871142451781
-0.6439779796441736
-0.6687493048197486
-0.6767244480282286
0.27067040046710733
-1.1860492480567293
0.05109796295048838
-1.0510206861624622
-0.8716245442968131
-1.0436849590108688
-0.6093119062297967
-0.620138575089999
0.09417565195645072
-1.036103694405313
-1.0003359209832092
-0.9289949071546167
-0.964783193627948
-0.8424947268433974
-0.3485917990784725
-0.800501190362897
-0.8604902078453536
-0.3933077742635605
-0.8025771135247156
-1.1211498101447124
-0.28082116019914904
-1.2178310153668763
-0.32016164024978144
-0.8055286108709645
-0.8601014292950693
-0.18028679907565182
-0.6965480428926802
-1.180439660221222
-1.0259788958996714
-0.5440363759201114
-1.013784294387026
0.8547286087437116
-0.5166264869209181
-1.2120175650339022
-0.616009859719341
0.7101996635843136
-0.8415984735528126
-0.6568518882304732
-0.5691925281773157
-0.5999084741278857
-0.43799908248589936
1.3264679615127235
-1.1456309284107182
-0.8915952721263971
-0.6026247062095351
-0.2184296728385735
-0.6253887450782374
-0.6886595216803415
-0.7544512890232368
-0.668776045832209
-1.0777792940874868
-1.1646761918197601
-0.9579568825648831
-1.3597867998969246
-0.11361013429974876
-0.6737790654727316
-0.4526558827153238
-0.15229177228730273
-1.4283495436578568
-1.0744243171288015
-0.7586625768953561
-0.980457090146618
-1.3134361920097204
-0.570844271882956
-0.30718879808048594
-0.2705073855720077
-1.2559894716625926
-1.4320264915294858
-1.1853145257176343
-0.5603521676414398
0.3248532299476289
-0.08147035208477538
-1.0947344154346308
-0.19062068983364355
-1.25845933022273
-1.1860927911126118
-0.7156317668782728
-1.2837458258965855
-1.1234305292717828
-0.07039855450760396
-0.5578588184239348
-0.6430100450148567
0.02209704280553554
0.2781194300435985
-1.3837305438658647
-0.8605112044523731
-0.8610293811728521
-0.12374922200073823
-0.7868925737641023
-0.8027654098470676
-1.0051719914606156
-0.9056307005293838
-0.7332766527274248
-0.4282103553232884
-0.3292819615136636
-0.41369126545614066
0.18084787047827539
-0.8415647580736939
-0.6859905710019096
-1.089520896365702
-0.9313688284177201
-1.3187522424700815
-0.7583730034844206
-0.7968235989913083
-0.6380702126669897
-0.2584440030534827
-0.5313010844556116
0.22033264331473731
-0.5400984627379587
-0.052966463771565664
-0.6235114678284779
-0.017579675017034946
-0.5150699071586473
-0.7243730251079071
-0.05134326613860185
-0.20201242906626934
0.7544247810113563
0.3800038353894768
0.33545407319711873
-0.7778784289139568
-0.33899387307550055
-0.8207578424582495
-0.32318804595968037
0.2195071862039879
-0.6043010314516211
-1.1445970407147859
0.7805898774538234
-1.1708073696880126
-0.9192085978877107
-1.2257074310695648
-1.1565405201578294
-0.2158549204377933
-0.6441169012108565
-0.7888998644494905
-0.803856865219901
-1.0716894011427014
0.4983851571669473
-1.089347770492113
-1.0392652179942354
-0.6723138436697323
-0.5945525652371814
-1.118900343871731
-0.4268015172730316
-0.5154223491069797
-1.061445242422534
-1.3958126972869604
-0.9204964732539832
-0.2580377776423166
-0.6962764535690642
0.12097486906739924
-0.4792798900502669
-0.19303089099974913
-0.7368812333972619
-1.0894392799485217
-1.2063956065548624
-0.03993468485388252
-1.0410072663892056
-0.3655453202276386
-0.8681020650224572
-1.303252963766926
-0.7831007786023754
0.13497743908323867
-1.075689751983117
-1.1092126030446892
-0.8140979863004628
-1.1791670161851382
-0.35416235016431846
-1.0233997922066056
-0.11606290653845852
-1.0859481906668311
-0.7167454792741113
0.05675804001070894
-0.46745952334088703
-0.6426597210153852
-0.49830243059093887
-1.4295436669737631
-0.8224828108592753
-1.0507098496714484
-0.590238270324007
-1.4329448823559972
-0.40876520579860365
-0.7391065103361112
-0.6967456888470532
-1.474217971549004
-1.2833137148540628
-1.4179116852496432
-0.7412155247579838
-1.1942609304321148
-1.3493262501141219
-0.38316704986933203
-0.647688140731139
-0.7106620852405912
-0.6655758815519566
-0.7928753828028938
-0.8410998244302073
0.2672267872288633
0.0075695315968822285
-0.6629126647490962
-0.8146309435222567
0.048458920023642604
-1.200554921914303
-0.001843847760070405
-0.39863490839372656
-1.1488819141908317
-1.2442923365886536
0.2851708472501576
-0.8724876779933586
-1.2849613389117172
-0.9793430841068955
-1.1018876380699645
-0.8150938805291167
-0.8575242661341099
-0.7310437654481577
0.5372920608482277
-1.0154696918967416
-0.8263700446440809
-1.1545442911213033
-0.6256461455721092
-0.966743947275157
-0.5470635730470534
-1.065522902804312
-0.1496308701858322
-0.24664570491264937
-1.0666622639639347
-0.11068593268088767
0.005433502593523765
0.17024256466033894
-1.0395162657486565
0.010338087301692611
-1.3200452602966681
-0.5463845501125989
0.4169069073957411
-1.1226716342505703
-0.5295800303018734
-0.6035453454080271
-0.6879283632118278
0.19847050894323104
-0.10961709819817958
-0.706292845158784
-0.9773705905281526
-0.48985607959827276
-0.32239402686241503
-0.8059589083810818
-1.1651540659797153
-0.9483509291346002
-0.5573870780141048
-0.8899156114234186
-0.731477347107981
-1.1037489774438505
-0.5730464834820467
-0.5465772617548369
-0.3217834678368332
1.552883803785885
-0.3513349820723287
0.2587340983963674
-0.8269068057235163
-0.7734137236697085
-1.4219665256039908
0.03465096658798694
-0.6157587497227175
-0.0017747390908222638
-0.9067217778300216
-1.1647242514854468
-0.5595250499832041
-0.7366459473110384
-0.28935579695702773
-1.0647764082901745
-0.3642717443687692
-0.8569933706710364
-0.43092178458447133
-1.1148588488127151
-0.9749277704201265
-0.9296018614833083
-0.9912151285626247
-1.0852934052551144
-0.7631009852844807
-0.7152091525118863
-0.6902736013510126
-0.7131586908200852
-0.5147307488915627
-0.48583294029152546
-0.9195230211349004
0.42299533197084394
-1.322841954834214
-1.3296696173275822
-0.8649956332370422
-1.4200176543869698
-0.9869444469516186
0.13725350743420237
-0.10498055359120384
-0.758436532985421
-0.433502304145432
-0.07148700766178084
-0.9681139492781624
-0.5685922232080177
-0.6506158204333359
-1.2621528219930713
-0.8861524321967542
-0.3058049483749776
-0.2679502495058043
-0.5242845023601288
-0.49525808853020464
-1.2481977862951268
-0.9432487235063324
-1.082237335655936
-0.5973269726216532
-1.2640951174469492
-0.8470925476015226
-0.5057137174484987
-0.45797569831181406
-0.6436435929426738
-0.3398851180444413
-0.6603997818878647
-1.2376926226302518
-0.4680855390308024
-0.945189266391462
-0.3515324010164726
-1.1083436690242743
-1.2141739805645182
-0.9668565277875303
-0.6126468637904632
-0.647354671484347
-0.30565997221215635
-0.8195276007327563
-0.6888194313725307
-0.8819768949015949
-0.8710343212349511
0.36321141157715897
-0.32273773260347904
-0.5856934159908613
0.7500943670166313
-1.0713718731413375
0.4895412868760105
-1.0469877368271079
-0.0670159221934209
-0.5967151555882939
-0.5515621204461129
-1.282797485780691
-1.2333588041293124
-0.4338155767820139
-0.5031727936063055
-0.9161289213786195
-0.7671605884008988
-0.4306729861396892
-0.5415100860646803
-1.1615221972449095
-1.3631148602428311
-0.4948839120136798
-0.47171075405679785
-0.6551642280930111
-1.0487507341196745
-0.14580460079379665
-0.6893696608381992
-1.003497377129406
-1.1323455929200767
-0.48903499300962916
-0.68834410295041
0.6571630405015466
-0.9056356079148142
-0.1926099992682616
-0.4951480840129917
-0.6640446874952235
-0.42406258384993334
-0.25640288544520906
-0.6433476148387978
0.016464542812223426
0.5097780139369942
-0.6624772442741431
-1.3348532031479108
-1.2776199624665363
-1.4840126709784816
-0.6669393491317631
-0.8174287826277388
-0.8229641454617899
-0.06402120085927027
-0.7576406397801655
-1.2013884119507727
-1.3932991197489402
-0.885217365459575
-0.9603647870431431
-0.7878370280429885
0.5632316585365934
-0.09187634372867959
-1.322767416468476
-0.5868100389041713
0.026825920844927964
-1.1516035768092818
-0.887194229064492
-1.1367256009263969
-0.677704414378043
-0.8565476094865361
-0.23463877952658774
-0.7529565284989518
-1.286869328854124
-1.0079192485423152
-1.1887594443662635
-0.7784157847724342
-0.7320599304529782
-0.7160384729903082
-1.3377880968304396
-1.114117797328416
-0.4905670465907552
-1.4017428520136423
-0.7806710245533998
-1.3195772408396436
-1.0232250279864064
-1.2491576261828032
-0.5490027880885138
-0.28511130100006793
-1.3638648440646488
-1.0139371321857729
-0.9328104761757785
-1.1491648765562048
0.12419397538774868
-1.3964496813536833
-0.5697860101893137
-1.194617554471371
-0.6086889009122655
-0.5004672406434275
1.9899381628190085
-0.38461448151485267
-0.3798207831496777
0.2322180445088846
-0.7869242615336279
-1.1516199759510126
-0.793388537486311
-0.9589542234409734
-0.3940536378290633
-1.1078769028016375
-1.204879397106823
-0.6076354850157218
-0.4074190769117977
-0.9643879539681777
-0.8391046812407714
-0.3331464283810316
-0.48980079002766325
-1.2608471045888408
-0.45846505640336493
-0.733859943795226
-0.09762319953276843
-0.717451531406789
-0.8448710191659355
-1.0695762135344524
-0.8345817774882178
-0.9594976943499364
-1.4069688572104484
-0.9768330558801345
-0.07008880788841876
-0.9434598220665784
-0.8242699500523403
1.248250726740746
-0.8464039719667298
-0.07102155413882572
-0.8896106514220642
-1.0950654018152122
-0.8702621686150287
-0.2664614213989236
-1.3677351230904256
-1.1560292019758025
-0.6075637112498677
-0.8566083132782245
-0.361899305582534
-1.2351263039542626
-1.4687098453972867
0.3051491211330584
-1.2487826615813737
-0.1555917600774716
-0.80358784376315
-0.4952553665678844
0.2869084035808238
-0.971347676677936
-0.5432048834110699
-0.7671653391498262
0.22706893810336826
0.3683475873906773
-0.35622456496075916
-1.2378757306852477
-1.1971854944730915
-0.8362447240928134
-0.6247610395250751
-0.5647226538672326
-1.337645814890489
-1.1172619145558844
-0.06924430562149753
-0.30388816209145875
-0.5704489752267092
-0.48810721068661833
-1.0425446154690754
-0.2205878672763183
-0.9263955725710212
-0.3335179133097142
-0.7888554990145517
-0.8580950349313788
-1.2365246331945745
-0.10234523078290547
-0.7093904215129421
-0.11323383270892984
-1.430728257717905
-1.1278435853848294
0.091674349451771
-0.9656987463844174
-1.278908146193845
-0.5226827950179631
-0.7238491339407109
-1.2687800666980291
-0.5844490968846296
-0.5003694491430425
0.22452249886729975
-0.43785481312670776
-0.7654337019434594
-0.6694550296378944
-1.186603162417227
-1.3044807846418354
0.30706019268624557
-1.355652945646216
-0.21516996457596843
-0.5069346842152709
-1.1747928600651991
-0.8355273507224377
-1.2893571836005124
-1.0572693655334438
-0.5876109019512243
-1.0369690904343398
-1.2865803872299302
-0.2163838302297122
-0.7691974213714251
0.4312691928984541
-0.44301354468778154
-0.693637126900227
-1.3205502868440657
-0.7710663068153898
-0.8834255216183654
-1.1254196074474725
-0.5459715413575542
-1.0246873131660954
-1.2041472283503436
-0.8039747032223568
-1.0481323464620234
-0.0050384508572758335
-1.222106339142679
0.5714923658422195
-1.2898468743705234
-0.18846225565915564
-1.185210530180694
-0.8627740468404704
-0.23619717965265175
-0.929041792157906
-0.14208612957390532
-0.6875652399748116
-0.9766248491759107
-1.204567963392797
-1.1662944630368246
0.041923782396077344
-0.4642151618983933
-0.7731778382320975
-1.1956111445764317
-0.23960949413028182
0.2709329403767221
0.32148279927776285
-1.4308148051131653
-1.1916996167335894
-0.48680875873592144
-0.6570474755813951
-0.92693063080405
-0.9308335004913016
-0.643158241470556
-1.5046462010322936
-0.7825844212673561
-0.9218855321775391
-1.4488257832452813
-0.7486142736443742
-0.10718934768563304
-1.1787948467716105
-0.16913230748277808
-0.6637161646447036
-0.46221071089305826
-0.7668723509213213
-0.6993541442847614
-0.5512993184942209
-0.559838928731962
-0.3856017226735763
-0.9809039355183443
0.2795432473332743
-0.7422953402398783
-0.878614556479199
-1.0053087651547044
-0.15806288636565688
-0.5736870667442573
-1.074571397249487
-1.4519617396083957
-0.9551781253206321
-0.3300949516872983
-0.8900925986596707
-1.0223991661853695
0.07537243941364946
-0.7590559064334813
-1.3883772142816775
-0.18908807508271466
-0.9163743430591613
-1.268130031424548
-1.0743589012638561
-0.7761520469370159
-0.01630603153200877
-0.05175230192706881
-1.426312497188792
-0.7961480413116906
-0.6034933569700196
-0.7256834601002776
-0.6152194339225838
-1.3042845897320632
-0.10345545223551733
-0.7772913299533778
-1.4024878352270942
-0.5920676768311705
-1.1091269492057236
-1.182566940273935
-0.18694115793726185
0.2350082646562151
-0.6407532329927214
0.6318152168033202
-0.8882547625611122
-0.6043316664804215
-0.9502153510186109
-1.0083357146760137
-1.426314439900086
-0.6437582735799179
-1.3571252775286657
-0.8129934506351632
-0.9255795713634808
-1.333687658165632
-1.3388276685351008
-0.6830017870574636
-0.6162616931382572
-1.1946689072138863
-0.010726776002214944
-0.045070728129297466
-0.5494658145625122
-1.507912320614429
-0.6977026317782943
-0.9616441551649637
0.2377739136567496
-0.3565073603359547
-0.5716875616388688
0.12847001245725068
-0.8235140645499694
-0.31598084042971586
-0.01153701586285262
-0.7458581340835992
-0.9088780625339029
0.16937288930811586
-0.8944225848055992
0.0323783608623161
-1.2324232928949375
-1.2287786228508009
-0.3269540330774247
-1.3186947284895143
-0.7160128787977034
-0.17848509979965882
-1.2700128606167165
-0.6294331647016562
-0.43972176758809794
-1.026938363930379
-0.5874446540262672
-1.207431289387869
-0.5836739973032049
-1.0321834400739558
-0.35720845268232443
-0.42077136802892634
-0.1246194520294292
-0.6719756986933554
-1.2256829387292794
0.16841135717208244
-0.435130052445825
0.08377585323838277
-0.2895829273013253
-0.17253211430207505
-1.0791019340480774
-0.552094376617861
-0.5010635605656415
-0.6181691745384541
-1.1338748762851836
-1.082299610220343
-0.6266192275426279
-0.7667736942348885
-0.13011030802532325
-1.3092988305505315
-0.7479447239418368
-0.885693769596904
-0.15412411864816522
-1.1395415146444003
-0.27798639211259424
-0.4093173412103318
-1.121272995495693
-1.3716323551811387
-1.054399232420229
-0.10554686327692381
-0.8484536551061661
-0.5865300414443315
-0.024731879430827997
-0.5375826692663863
-0.8885234864201136
-0.9266837031304417
-1.4499002358503468
-0.801337465404649
-1.0806290782274055
-1.329917367235633
0.358663870655227
-0.8821790732414999
-0.3213603129192134
-1.361944726134245
-1.4465777472973798
-0.9444607793989587
-0.6836528327597138
-1.2347735656006442
-0.2916896117711439
-0.6163943006252107
-1.0545074767324545
-0.8425973560749047
-1.2550878259254188
0.181133682944637
-1.1721011037407458
-1.1993387649279863
-0.9912602864165465
-0.5630851050765064
0.14324994415617923
-0.17684380748241035
-0.7275539545068018
-0.599979690758631
-0.9610122366649467
-0.8434820237110249
-1.380654181078389
-0.6934532919704697
-0.7099964370043416
0.19532683481501434
-0.2700090394983706
-1.352576709636739
-0.7272738354693524
-1.0209208412236632
-1.2208383539567882
-1.1266891447602734
0.22646366748781288
0.4620128766922299
-0.893362001274093
-0.40472400992221913
-1.351752798991099
-0.7016990484527025
-0.7823231693388065
0.024800202591139464
-0.8741301110858964
-1.0700615303645478
-0.875703180212945
-0.9895481102797632
-1.0238388983542115
-0.10821726528450093
-1.09391788874029
-1.4486554716227777
0.2931329302782938
0.040121697759063824
-0.8550031524800428
-0.5921535716623113
-0.5203393868264642
-0.7876383706011912
-0.6750460682758235
-0.9336305196971993
-0.5673300346951597
-0.5122363275561163
0.2152179130243477
-0.9447416402410921
-1.4074491391977477
-0.642337944849489
-0.7306517835967132
-1.01008355225057
-0.6441294969825084
-0.10007191944259841
-0.6008116632281673
-1.002987768207399
-1.4384768683818807
-0.8915746024467831
-1.0769520165465942
-0.28609492389307845
-0.9406321140483633
-0.23418884012200059
-0.875861152460585
0.17623090947123923
0.18335857275648482
-1.2883610545410948
-0.9950733968913679
-0.8215841148126242
-1.31515559591281
-0.9791175923014798
-0.45757413621144927
-0.6182443481278483
-0.2621234249206543
-1.2419977460236518
-0.7292697518405475
-0.8956833248735913
-0.7307122220224707
-0.8207348869314371
-0.6054763914477219
-0.5575594161739403
-0.25965932590612295
-1.0024092130238065
-0.8066165041746102
-0.45638480331466325
-0.825892194459246
-1.1595886049238961
-0.29644007456926413
-0.7266528300752026
-0.9026148050367018
0.9870486741915951
-0.5384975982560536
-0.8592674631925665
-1.1389714073957729
-0.7262589424752982
-1.111043790211364
-0.7853401269635528
-0.9589003335224654
-1.1687852184324754
-1.383323500589214
-0.37601904741123904
-0.5494458343427312
-0.6584506484745719
-0.563395703533478
0.2978060849052882
-0.8026425504740851
-0.1932239369293527
-0.917840145083652
-0.7825608683428414
-0.6305328256393709
-1.1145559732992143
-1.0320514170406172
-0.639566264758664
-0.9044675650609938
-0.7481252624336747
-0.6407888233220296
-0.5959755795900351
-0.645396833092176
-1.227599462464458
-0.7094256606798587
0.5770538948180649
-0.1601376887123096
-0.5413601429298711
-0.4691728089234857
-0.6768251047106175
-0.032331036198150837
-0.23870829615672123
0.1550649361161952
-1.1894099743320776
-0.47269690169967093
0.19925688154317034
0.27752886858614634
-1.122599144580671
0.09739887594201588
-1.1278322479459504
-0.27126910058665005
-0.4279201688748371
-0.9227899000159933
-0.7589033397899652
-0.5959239468349713
0.05598879041923299
-0.9137780782019334
-0.2476071918097379
-0.8302035981571543
-0.4475436972368366
-0.7927623131997146
-0.5889927467972119
-1.2195429472506225
-1.4069641042027436
-0.77938127709983
-0.9287276359099708
-0.14350605327519905
-0.5912528793385423
-1.2895661486691012
-0.8353731828718892
-0.6514235534541641
-0.7851401256566605
0.6808784347036474
-1.0543976724422026
-0.8449830066989764
-1.290384928231689
-0.4177438234853722
-1.1181213572990463
0.014320723356965548
-0.7341509426266324
-1.4584004951235712
-0.8380987431905325
-0.651021830250718
-0.8770705136062403
-1.1158703014007076
-0.7060932955446655
-0.486633437857222
-0.47371171401504564
-0.7928088491889003
-0.8463932667892564
-0.43642813499396665
-0.8269183990584656
-0.8716802996356434
-0.4975844055106786
-0.6895559043312076
-1.04029502656027
-0.10696476094017304
0.12943424163492684
-0.9170393624152714
-0.9562316363443879
0.03030182967375894
-0.7165904704442901
-0.8893855350232386
0.7953463276313002
-1.343601205190487
-0.5921466010183258
-1.3829198284964153
-0.8958270914500067
-0.5985361241774705
0.05877094250890613
0.061331508861949074
-1.1805825567225219
-1.0987352702614894
-0.8195555903242024
-1.2754763516235117
-0.7796478585901249
-0.18759465400875353
-1.0713047143801346
-0.9797009596286622
-0.35173377023541386
-0.9374944738943403
-0.1483493420928813
0.13689732049712972
-1.0148269211712306
-0.6567385179641956
-0.5517792216087879
-0.8127899446351375
-0.6381481112104179
-1.1962423449999737
0.3681689702358585
-0.6043960386066967
-0.43429184864127535
-0.22817597637499792
-0.6310324795834188
-0.6452855169049716
-0.9055782559329585
-0.9662906758774822
-1.2948462390209983
0.054734134033266435
-1.2446631100881995
-0.5866480651653735
-1.1312078046728256
-0.6956203980173831
0.49182564164842746
-1.1267072554802804
-0.4065183746730666
-0.8579602162698844
0.10136442146342323
-0.886224261231419
-1.0224596647624682
-0.9540587335459004
-0.6117268679787939
-1.1021394871885433
-0.32177950547440304
-0.4681865708617591
-0.3711506998343907
-0.6528450682121454
-1.2953005206759924
-0.8676781051176278
0.19626839701590082
-0.4126748775274376
-0.7627597826808018
0.0632183568733623
-1.1220552531465022
-1.0390184889474767
0.2690780189882248
-1.0413700526509528
0.13035894746216237
-1.1905673255293219
-0.3541991878585682
-1.4203892025206297
-0.5699885883739465
-1.1407243332505765
-1.4666716624072578
-0.864167602783305
-0.8740354480230957
-0.8657200608686182
-1.0630560648107874
-1.0288118371111383
0.17260892379995652
-1.1525242457572802
-0.48436451557258525
-1.1248846172257385
-1.0799737295812148
0.1938025910408584
-0.7875847619015952
-0.7048111722170651
-1.1046839353579683
-0.5433399913593294
-0.9185510069254217
-0.33735282257070964
-0.7744224324695932
-1.2547728091292618
-1.0330113638115528
-0.7392825923694017
-1.1263295299621503
-0.25372451871742613
-1.1048845361282849
-0.6393205975299471
0.4718205396757538
-1.009403109786144
-0.964743902552975
-0.7313389189291035
-0.7918612033802588
-0.4451372089677146
-1.0133436794584596
-0.43125072877962256
-0.7567832721654375
-0.9766238871569143
-0.8419410954352157
-0.43997529308810035
-0.987689139925115
-0.5982366824869926
0.28531245631872726
-0.5996884271844
-0.3564646350391991
-0.1943309384771158
-0.7247755719392619
-0.07117921155231915
-1.433842390439687
0.10350477290980176
-0.5352327022247169
-0.5916091291172354
-0.5915907067614892
-1.1228879332046608
-1.4040437755603867
-0.8373973331612312
-0.2043052653205384
0.21654659386842978
0.1557195474201526
-0.6330906718049439
-1.450604312522247
1.7005016051355302
-0.6540988591199612
-1.1848225875473708
-0.836965287725384
-1.1350761010149646
-0.8372608138962078
-0.5018280950678102
-0.5567501296842282
-1.1365840923970247
-1.2073474027401656
-1.0363492863196504
-0.4158345283781858
-0.5800219851782679
-1.2672066197763234
-0.7108438595186926
-0.8642155736090704
-0.9800064427708942
-0.7186850529792066
-0.8756977232980178
-1.0418961745127535
-1.2381860941062244
-1.2121205612324384
-0.20255532390785724
0.11399474271918197
0.056703563963025616
-0.749448021844564
-0.5831907241165403
-0.8586039423925231
-0.49570555564807534
-0.7703430047426231
-0.4069689562310006
-0.7149876267300037
-1.204249817122704
-0.9412709030020844
-0.6378361384763569
-0.6084090877520487
-1.2008968617238018
-0.8104667166042959
-0.5468832633467373
-0.8623531199332252
-1.2336151876784331
-0.5317128937653848
-0.6196325713304263
-0.6485059466247124
-1.273068113645907
-1.0116488557201797
-0.5712714166457729
-0.11546143493896299
0.7113334150712083
0.37407536937933983
-1.148868700920654
-0.7310487696680774
-0.6027675425942591
-0.9422406783241216
0.07689202475692247
-0.5186488870185224
0.45770401514576897
-0.3453901911834236
-0.12015493888410911
-1.3040640352564652
-1.226523766060021
-1.1829484519475204
-0.7409099123553514
-0.7354270761854556
0.359281351252409
-1.1836113720305868
-0.7298821411833429
-1.1745518784657625
-0.616694395539179
-0.9988581638674329
-0.24597352786691712
-0.8410075229166143
-1.2666134824347304
-1.0610418902636471
-1.4679596125089551
0.06442241233556911
-0.5601965180212118
-1.0108564875686241
-0.6386678179500682
-0.8574341564892358
-1.344205578653406
-0.4014835042137198
-0.9223917284578614
-0.4656415118939199
-0.9229059729052503
-1.1691602268475925
-0.9823819919568191
-0.19718574243404144
-0.8124561940136604
0.33696203782340306
-0.1895351538675854
-0.7063843969778362
-0.3073030265815142
-0.13361817846132568
-0.43341621220335325
-1.2035574547019954
-1.3800581296188512
-1.1579703136718782
-1.3174530028562026
-1.1382325081889946
-0.5833904109916983
-1.1953417064305176
-0.8953628337836649
-0.7278963113727235
-0.007095756225006022
-0.7393103858498238
-0.8863540329024815
-1.0059087341048678
-0.7577206917562337
-0.8909718940977996
-1.0346148121441927
-1.1264292547292376
0.5939133158874835
0.131427041892118
-1.221656482061554
-0.548662860007847
-0.7366246725135813
-1.1246830073995557
0.4079669506362792
-1.1453837219854746
-1.3215684588264427
-1.3512273167617808
-0.8456994837468437
-0.07022973976965727
-0.5866465678322896
-0.1848557802381146
-1.0731408228049482
-1.031665607919853
-0.5646025265460705
-0.14454543976214193
-1.2179887693646752
-0.3344470923375202
-0.7367744899699324
-0.3559602703051724
-0.618956108323434
-0.6667288959117039
0.7555866864601612
-0.9757298706837448
-0.591324441390924
-0.2512525828700005
-1.0078954394137019
-0.36535591348600915
-0.4708754528789138
-0.35751568960145796
-1.2089276798206459
0.4351147360786619
-0.8799758974386801
-0.6278063295027776
0.7381002662099327
-0.7300036251743167
-0.5882959601989921
-0.5323653220534568
-0.5141242734928417
-0.6013048299687574
-0.866759396288199
0.30609903217318857
-0.9232899935944812
-0.05198364886661133
-1.4091924005105088
-0.3680596217728675
0.6712847781602169
-0.2759482873014559
-0.03513936204816093
0.15857402393373865
-0.36566239446725496
-0.9090906385061733
-0.9294451233856733
-1.015783431414864
-0.8971108578911982
-1.0564254393396584
-1.1039837976244555
-1.2281141948453436
-0.6977847468582634
-0.7577375541741634
-0.9751453578776386
-0.3376955651899073
-1.1429321159211532
-0.5586068642193718
-0.29885971913489995
-0.05441367135851108
-0.9289721465937495
-1.373745852853675
-0.08257171135134755
-0.9665987316188084
-0.6717268310355655
-1.368945122607531
-0.19480179907662587
-0.5882394808117661
-0.5969455802409365
-1.1953013193809685
0.02163863196047011
-0.6653901987802052
0.418050329752624
-0.7629666498283483
-0.6239932044954266
-0.8730905604003141
-0.5390381468477428
-0.7034067437048103
-1.0416988034232442
-0.8466307452804144
-0.4670551777226035
-0.5400560807799987
-1.2795003650063577
0.30747634515677946
-0.30911886515937304
-1.1768648220409577
-0.8392775705068513
-1.2303653723618044
-1.0329173725665612
-0.8727258360604984
-0.7109143246586692
-1.311478095880802
-0.9227696943568531
-0.24426596213160634
-0.05789787525684556
-0.5018470188455386
0.2837174344043524
-0.7709806854706698
-0.875992327700082
-0.7024326096033671
-0.19333105351013408
-0.25697560254512053
-1.1716396951375252
-1.4846103271558446
-0.98310374145864
-0.45269518307451595
-0.5374388353007242
-1.3056390533575342
-1.058690461738578
0.5122618767963858
-1.0904632734629964
-0.6471324948685782
-0.562213480963595
-0.5790477083599038
-0.7992492071590563
-0.5837177166013093
-0.8908829004330331
-1.2250746019278176
-0.9027905521286371
-0.15031604991117986
0.04354541680259294
-0.24068522442076645
-1.35481029722174
-0.9824169268666205
-0.4768187190362337
-1.1743858844484052
-0.5423328875797312
-1.286129785993907
-0.49833832718971566
-1.3802582735353846
-0.6538273955792437
-0.8867759236816265
1.1330227621487592
-1.1132006088666666
-0.7788001690362193
-0.674659331462514
-0.6094201702663966
0.15478516023208572
-0.9303810502810079
-1.14891971097488
-1.0217407538039978
-0.9822220151303153
0.7556323115453201
-1.3433200335935593
-0.788332621274073
-1.2759583894044821
-0.23717410489439789
-1.0897523614589772
-1.3404282380224775
-0.8654112367744752
-0.44302867504527177
0.10120597436503198
-0.954526616062361
-0.33092810534574435
-0.6084122777651828
-1.4403317187005713
-0.699549595738611
-0.757141649766513
-0.5754119094054464
0.08560323194224229
-0.24875072868946452
-0.05022786038291038
-0.1290351851316437
0.021296377088601992
-0.9437291502516825
0.23989759433727048
-0.6343262357467025
-0.8222402954111555
-1.118787322530609
-0.6802302049312425
-0.20827486752049756
0.31674606356361334
-1.1854490788155152
-0.6393381320220376
-1.2278847617435802
-0.13428463834361026
-1.465682090907249
-1.3543950484820695
-0.99408153638061
-1.2271169466868228
-0.19408113530413518
0.2081263693801445
-0.8115478987698929
-0.5519649220426668
-1.4692120400556143
-0.5570684583188491
-0.9411432857414871
-0.7083629542160854
-0.23754115741092424
-0.9632300344678433
0.41577036150229807
-1.1574209460240672
-0.770304577384376
-1.3590560098717988
-0.5913658707785003
-1.2323615461074047
-1.002788183349418
-1.3376977353538173
-0.13495805070958988
-0.1999681430094074
-0.9302541492135799
-0.3758950190496362
-0.5589488938119663
-0.33909533599153086
-1.185971406204759
-0.36335381406308787
-0.5782211054186934
-0.5524480592503804
0.35901912994669405
-1.0878823721627264
-0.712474789091366
-0.978578568022739
-0.4307384698997244
-0.7874325899220008
-0.6875072371815447
-0.041837239734184295
-0.8390219112866928
-1.170958911083717
-0.959313815917072
-1.0972864479423663
-0.9804993423252156
-0.6550802470171357
-0.2857216839281729
-1.1046818240494558
-0.8087450738972273
-0.6398396156810532
-1.0407359999794314
0.3348890015307764
-1.1006981746976576
-0.2886647489877206
0.4109938667498073
-0.7331500014153361
-1.014603890469853
-1.1544029690169428
0.7012031020642195
-0.3319206516359908
-0.7201994815665677
0.09941608754130837
-1.1653593150535309
-1.0730126582713362
-0.141519044823046
-0.7505452078047467
-0.6916524412993297
-1.2031659370870678
-1.2393296762250328
0.27394183064312394
-0.8037042639407056
-0.6493314446400998
-0.7789827597748056
-0.9423606313216164
-1.0375646696268102
-0.3970667439703543
-1.0088184213810527
0.43838591345552175
-0.8526873505859537
-0.8034419013408299
-1.0075746026911658
-0.22981672598724878
-1.1374311910898536
-0.4614809932070438
-0.9724433312832916
-1.4094144056152373
0.04535647985579913
0.10698534440253166
-0.9997904274760843
-1.008878648877006
-0.9591260195142288
0.17520358585700518
-0.8015837065775709
-0.6675437376591603
-1.1308698209081627
-0.9645513714908551
1.041072873865585
-1.0813525884903428
-1.1611470501565118
-0.983852276844538
-0.6084306445195802
-0.43678169472704104
-0.5170340372528589
-1.2078746581983588
-1.1873760831821742
-0.7668524425323283
0.021026406998616687
-0.9019964729186688
-1.3929420098269452
0.04491987999860647
-0.21168971711070944
-0.7343846056584035
-0.9728446192651371
-1.1539118187249233
-1.0099685130360498
-0.9715459909944386
-0.9439057524524039
-0.12758346412439314
-0.5323424274204417
-0.7986123389985726
-1.123347739055565
-0.8077974961972817
0.38417485575016275
-1.158335496232544
-0.34771442359920957
-0.8963782171411401
-0.036130403163935676
0.3519103145746918
-0.8283498164431208
-0.23175234057602112
-0.9578546767928956
-1.294119478548571
0.6564443146442052
-0.201193033199771
-0.47859193119025695
-0.34454941850536336
-1.2257960649256934
-1.2906281161380506
-0.731116045322644
-0.1745000302228658
-0.7753221126620925
-0.6430596749235434
-0.3048916169985091
-1.335295741030671
-0.8289681954724101
-1.3046978863917265
-0.6183830638695758
-1.2092895221220776
-0.8082378423930946
-0.2336267952402599
-0.9395116818412963
-0.9950825309779416
-0.4710948680204472
1.4325111679569678
-0.5716261166831886
-1.1413022780331104
0.09575378697350823
-0.48049157311074275
-1.1164401546685925
-0.5437383005591391
0.18379109272673577
-0.846084452030102
-1.3925204663646527
-0.5312161754383279
-0.43329663074356195
-0.5385761637751751
-0.21076871699179905
-0.8748667597965916
-1.0490528610571415
-0.6603301568384747
-0.3541159390750111
-1.0766663005687453
-0.9922154494768044
-0.9281635548327387
0.18729850409935553
-0.6314509441488136
-0.8724437220851047
-0.9170319047885496
-0.3486169083870202
-0.6946649763931579
-1.2923526341694744
-0.4411376414390886
-1.1717170145247047
-1.0750077408910348
0.29854063758923455
-0.5363261754183932
0.19230181333886232
-1.3425546928429293
-0.966070117343359
0.14102564668767792
0.05594122589987299
-0.06709064389167219
-1.2342326664514822
-0.9605360563977863
-0.3672502481809281
-1.1075324283405672
-0.8089683082928077
-1.2357043858020726
-0.4762786253938211
-1.381866545678406
-0.29990813591834375
-1.083889915678046
0.8517434378174119
-0.3964559838936099
-0.33158036767037724
-0.9265346654693719
-1.212636748225644
-0.9824394221819538
-0.6783933340087284
-0.8908461200349027
-1.0141738677294871
-0.9481774399147512
-1.186446025873836
-1.470108119675662
-0.07743990139797863
-1.2624378070250843
-0.5026268721759672
-0.451805584495495
-0.7304174167055661
-0.839162400612653
-0.9830196365731338
-0.6900211588822599
-1.220770450083175
-0.9632787323868203
0.02248286345936734
-0.36980053714165645
-0.8692496169017058
-0.0176266033322654
-1.0926329742674532
-1.080174070762022
-0.28313299381440227
-0.2213638856360331
-0.7256221002297061
-0.7870530560186976
-1.324996895099791
-0.8783201982126145
-0.6684695193763804
-0.34985701649499656
-0.7080593711081604
-0.02160229191545371
0.5467656152754459
-0.4164513827276324
-1.0980343338732705
-0.7974635230182627
-0.3322517545042423
-0.8513688942524154
1.7702144769662143
0.2372184128875272
-0.6673758481865619
-1.266512382162048
-0.5570277511203905
-0.8513823866689961
-1.0386590149759425
-1.0263431627464177
-0.3874986976539928
-0.7427277594865023
-1.1061121764740809
-0.28057589350287815
-0.2716502416238823
-0.8637066318617346
0.17004181938417076
-1.0521572082082291
-0.917363359251192
-1.4374886519714218
-0.5686686242825896
-1.0498898336903655
-1.0944278245189052
-0.7741697337206367
-1.3364636017614493
0.41657075178437164
-1.1362266096255436
-0.5472095957070584
-0.9999719711076949
0.8028071568831746
-0.2309549181149595
-0.9714153070186174
-0.7656128815394753
0.2786402614039911
0.3169471123093406
-1.11907756851137
0.11301046417558927
-0.4422797353889469
-0.5674499403666584
-1.2840118487608154
-1.220663270452836
-1.3309333180626353
-1.0502766816218712
-0.9277018163174047
0.06977187081228323
-1.194873711914201
-0.4114384186144743
-0.14683055145524548
-0.8733516246372048
-1.2129467912133953
-1.179694658390495
-1.046495414078736
-0.9900070908358475
-1.0884069160152432
-0.7728542212733926
-0.768552559897761
-1.0668181866931996
-0.4961059385932843
-0.20980984282602688
-0.7125498447262837
0.35707929485393164
-0.9139391996600621
-1.293570749870439
-0.3163537802743663
-0.8760485532362132
-0.6203826937322217
0.6219779654811427
0.040402350151567686
-0.8159523547008578
-1.186406246958238
-1.2987765803699218
-1.4279875020770278
-1.2669900876594467
-0.15902589105135523
-0.8793378357187119
-0.7248989077468138
-0.8917877846677781
-1.081448750230951
-1.0661124635425936
-1.0492705322811016
-1.1403097234432575
-1.234750121711543
-0.6359176500276459
0.9634387160957382
-0.9383960283468538
-1.2467370955952113
-0.25032895188749216
-1.0049740914267082
-1.0108599428510399
-0.20104440655652
-0.11870058258308303
-1.165354212509587
-1.351164162724399
-1.064940312521425
-0.7916263850618636
-0.555680316325232
-0.40637090298452344
-0.17204367461044545
-0.17328354610133778
-0.528610754877743
-1.1376143207170424
-0.7739601527345916
-1.3083205411192185
-0.31605186723771983
-0.7744193225091367
-0.8888111994141731
-1.1060730168394315
-1.4166744644891194
-0.7206648955289637
-0.38884340846899396
-0.5103496500362699
0.19436509007001307
-0.7689373908880853
-0.7525284813703541
-0.33655987557801925
-0.224346021891425
-1.3045401234520586
-1.1814496268433103
-0.9046049694231816
-1.3468527565851223
-1.3863338172901662
-0.8265728223640891
-1.3105535090898082
0.06940512457544051
-0.2251809044627171
-0.7755563911172014
-0.6311578948377303
-1.349583885345595
-0.9222933859412837
-0.8244052891831954
-0.3640595064220211
-0.6871157581182499
-1.2007305198440141
0.4480721971033742
-0.5392162362085413
-0.7537913691516674
-0.11474352548262967
-0.03008310435820294
0.13389603039013342
-1.2184227297775414
-1.298363212867807
0.1245964450801319
0.5451988787325976
-0.04002121063167596
-0.6607110634996197
-0.3946801783993607
-0.9102636900337031
-1.1113359244799237
-0.6221240571138328
-0.44101691930716574
-0.8998905605151549
-0.7079701391603714
1.0680340679069698
-0.6773403013758068
-1.0744149757577377
-0.8084066948103726
0.29675963316779175
-0.19593394699967592
-1.0064466443442273
-0.5839356504370854
-0.2510729928239055
-1.046644692190941
-0.9405813930813103
-0.5463209560132911
-1.0268804135455896
-0.9659078413530446
-0.9416205198246339
-1.197339501939158
-1.2638052447578652
-1.322964450804359
-0.27321941297682234
-1.0928923026444515
0.2652438803714487
-1.0575000095154208
-1.3849328754404597
-0.3925431954658124
-0.3575383326804261
-0.8126540224235754
-1.306301189559774
-0.16865169864828403
-0.38102446414514274
0.1658126815208285
0.11379833401747774
0.025508916406771776
-0.6344549528839759
-0.6434518535422946
-1.200873017995245
-0.7634932724379518
-1.2276974158556968
-0.4057071237273492
-0.37670594611949165
0.7110230472476646
-0.3768796254314629
-1.0612149654990226
0.5415525633732152
0.12747328554586757
-1.090103833231209
-0.037579038334094095
-0.4934538885198979
-1.137922894854189
-0.43454222642428264
-0.7715790389940919
0.07494343493957609
-1.4290890193538812
-1.1468578469833708
-1.3820391724474428
-0.3360794122763345
-0.8692295519059358
-1.37019935177336
-1.075939453686983
-0.08127246691383042
-0.42512901966441496
-0.4333609708559397
0.8720754506153567
-0.6536806698341431
-0.6975621876063046
-0.8434196195179958
-0.5928056778575096
-1.215009167012804
-0.9092358658024159
-0.9590011922498819
-0.61234908927594
-0.6590380153542931
-0.2599202709208966
-0.605790839054135
-1.3478863135122485
-1.4824343512510663
-0.21214527479832035
-0.7641750937717048
-0.15820928951538804
-0.4687748532129371
0.15072183504771608
-1.0581036243913386
-1.1551811485413022
-0.18007998588978935
-0.7297865420164154
-0.3148482211687954
-0.5726914007637469
-1.1892865664977785
-0.2634063163344974
0.016377714537256116
-0.9797990132496941
0.2858689756281695
-1.1730037950001755
-0.6080093077976547
-0.2726031891263102
-1.0597800457176465
-0.6475314649056084
-0.4977000553401806
-0.5011687569957022
-0.12682560881123833
-0.03591438395512064
-1.003138088299408
-0.38086862098311147
-0.6180784571979532
-0.02936013576692864
-0.2551973133389087
-0.8441574528010173
-0.502181965936456
-0.7602831554801179
-1.4594896094688483
-0.7143126500567984
-1.1210860791555075
-1.0967702199121616
-1.177014245184204
-0.6530139996254078
-1.1340491324690172
-0.6755863591816422
-0.7867815929269579
-0.20094765180767094
-1.2051432211661277
-1.360079841756285
-0.8436287436659787
-1.3398686593188485
0.1728719549101866
-0.5338958321627216
-0.5295631988550704
-0.5544791969068811
-1.0208362731057354
-0.7677874044370542
-1.0961123222743678
-0.2608475338560421
-0.5546958930289665
-0.49311343682754805
-0.49230690991950393
-1.2228925981877223
-1.1291677458364826
-1.152254203340315
-0.6410447747152724
-0.5591843026873702
-1.4840824168254225
-0.441929949578574
-0.9784088684993297
-0.6212233209371074
-0.5501281593553942
-0.389199528950096
-1.4641292301829418
0.3649754089848839
-0.9853664464773161
-0.9970937413061786
-0.6753222847225475
-1.1918681840341607
-1.3895906660868351
-1.318963078794006
-1.146755038278672
0.546007950828702
-1.1305339596935378
-1.4193376020620099
-1.303292695144827
-0.823757135039418
-1.3639173190337035
-0.4833745169436562
-1.1825694831554865
0.6270111704749991
-0.2583128105537524
-1.132016166448334
0.11480357531587715
-1.1093507919011079
-0.8657581557362136
-0.596242169342806
-1.2720081835321526
0.5146485537421899
-0.6435579503486696
-0.680851279812882
-0.0557842957150195
-0.583102154759847
-0.7947209711680984
-1.1210662758812098
-0.542889262279346
-1.3197758876331966
-0.5999238578000214
-1.0773048391828426
-0.5562704727339847
-0.5946534680983696
-1.2438860575003527
-0.317581388093953
-1.3463992197304808
-0.8897310849193534
-0.8330624745555653
-0.7280563723123198
-0.7707479418377516
-0.5376890011590421
-1.1818250607732665
-0.17682981958039412
-0.9479618633118669
-0.8782273905277725
-0.3953914258374376
-1.1794995421292604
-0.8972662301822634
-0.7984568832348826
-0.828283249637158
-1.1966223341413893
-0.23560857705844312
-0.5528011547335483
-1.2541695563287245
0.5707932839551413
-1.32542971862389
1.120206833420074
-0.9805316332547134
0.15815831722541987
-0.4153793990467949
-1.395766273013066
-0.2442169593675394
-0.4765334932654687
0.921154215732043
-0.5604043720119949
-0.20088216780901683
-0.6043466059496729
-0.6100255308462903
-0.7340414333477513
-1.3232951020009784
-0.41258487799674437
-0.7197191334195493
-0.5361959314130416
-1.3457965810436554
-0.9824390908102495
-1.476523809362813
-0.8585192982924751
0.2639084255226618
-0.6792220072086904
-1.4826584520882655
-1.1923323178349938
-0.5078847863736362
-0.9562189094918324
-0.7774819602593774
-1.2193150402354342
-1.3379932263261543
-0.7962233619184386
-0.2796217834597986
-0.9617172949063466
-0.4606647985881798
-0.4017262352412021
0.011333748809956301
0.03880769488159416
-0.48158564251640024
0.6445544484822474
-0.15045019193774906
0.8106812335522083
-0.538002656038076
-0.550511482137727
0.8540509072110719
-0.7972546546698381
-0.8988251635666413
-0.43877028099139326
0.4940811257688169
-0.1738741307539856
-1.3110435879814721
-0.9651126155730512
-0.4754029063614281
-0.027305400295195792
-0.5907917873120145
-1.1294593479607955
-0.16292956129273534
-0.4672543715253036
-0.976782418084751
-0.9713514764617244
0.01689769130209126
-0.5073884124717798
-1.2232040154144956
-0.9439509967534251
0.04195979171319364
-0.13019772794417395
-1.2220822001807221
-1.0494301667210815
-1.0735708135354098
-0.2572589087707273
-1.2203319461524282
0.054677935807452414
-1.41675562385876
-0.3752139847378445
-0.466821227945552
-0.5063303937852979
-1.1807011005357082
-0.447429252537937
-0.867150146671501
-0.7892710179152036
0.3300821380205521
-0.3173853966415183
-1.3481571461249304
-0.5204445429641926
-0.9051145913242967
-0.5696684017432996
-1.2692262122660103
-0.7840618687196118
-0.08569677016940314
-1.3537543261385196
-0.4351131942834363
-0.7579888257993059
-0.6032425216025399
-1.0455813502828226
-0.960328047458
-0.5794522370723313
-0.8962252661080226
-1.2178937526070013
-0.9187337090358849
-0.09674736790305749
-0.5110300811757507
-1.1835639294403197
-0.8662773289245135
-0.7067149098278599
-1.0838204076051858
-0.06265351013542497
-0.6721443624662861
-0.7645896023297503
0.7549887661358621
-1.0791861212923652
-0.690775095349605
0.3968097304261049
-0.6660902019300042
0.8220846302347273
-0.6191904089394993
-0.5118948873858602
-1.390425797268477
-0.7830858610409258
-0.29807515518611893
-0.8440610079258248
-1.3579333260869957
-0.6203673688249527
-0.6955405516548235
-0.09715758734427449
-1.300657807988177
-0.30320073973589934
-1.0302911787242204
-0.39844599855800467
-0.9205187186161063
-0.43706616622711114
-0.41823410752459383
-0.6789541869566813
0.36960726606533845
-1.3538556670799038
-1.0360977460371987
-0.9532872501299081
-0.7493361415408376
-1.2355868529519474
0.0656586669347915
-0.376227891314894
-0.9690889022190765
-0.37637656684841425
-1.0698530094352958
-0.8278246342079565
-0.7249237613454118
0.055137203667294465
1.086208240547938
-0.7847973820506923
-0.9750574892541004
-1.0528691211790115
-0.7885690415402544
-0.950824534003802
-0.7168891249842567
-0.7505176707037557
-0.9951968887886885
-1.3510547880249189
-0.870850246882355
-0.6693338856175688
-1.2882864495861552
-0.5931982407651725
-1.0903759180584192
-0.49966913921038725
-0.9630811781126882
-0.22808276097765967
-1.0246034695545139
0.036773351191362526
-0.7969539002648
-1.2362442052363836
-0.7084396888186951
-1.1269822023067355
-0.6903994656513641
0.2518809683272058
-0.8500268618553039
-0.6987856194730249
-0.5668212003794983
-0.9781793607284925
-0.5637434316894016
-1.263818277288967
-1.2454531588296451
-0.6515722303280655
-1.2912844322784536
-0.4318578322451775
0.193001218466474
-0.6913956424829046
0.4116619511415873
-0.17961511733912117
-0.2826051849833096
-1.21664868183111
-0.9176722619717337
-0.5456545071465444
0.6618693192688417
-0.815113859324681
-1.1372348474752503
-0.5936356386973302
-0.41341553463166103
-1.1886224768315339
-0.5545308072556053
-0.5477759329525823
-0.1559337370333269
-1.3182134930070688
-1.246913208166028
-1.2037372524039758
-1.2141119233232074
-0.5468442051997149
-0.3480918246413862
-0.7734078617753246
-0.936184671291052
-1.4315754517192216
-0.4106313860158768
-0.9406845346087509
-1.0750864710294379
-0.633384443275821
-1.2267282431409838
-0.016685575650647044
-0.44817422296007725
-0.8680284206069045
-0.6934204531925128
-0.6602585086415773
-0.8866158599412
-0.1585729644922486
-0.9114597878257628
-1.2245816593131522
-1.2435502079334522
-0.487268184824218
-0.8792789229351181
-0.7565561799562361
-0.9031951469143369
0.20058877207704606
-0.7860945806707591
-1.0718141096791647
-0.4778249312750274
-0.1942281833900486
-1.3439026941968055
-1.1997537554483244
-0.3651562933331688
-0.16365408926163633
-0.8457570904629157
-0.45294925160667776
-1.3221514515462902
-0.544790760468551
-1.1630252344531276
0.3682365835596183
-1.0505739099555726
-0.6376321651481269
-0.5237193291789272
-1.347418392691008
0.0871393851717979
-0.6713796721041365
-0.5771440866845208
-0.9789628737226054
0.48234337602680444
-1.3753902479246043
-1.3072710745995408
-0.7510098386499409
-0.9408748937456272
-1.0900270343934868
-0.6407390678249907
-1.1489878123833148
-0.3592131550076135
-0.4213478234599441
-0.7721817593377681
-0.6284300858769208
-0.44178252078978864
-0.9658895613575161
-1.1947270810353001
0.051343342299908334
-0.897096839044152
-0.5413267223881576
-1.4168873712318693
-1.3479656909421331
-0.9293799789831955
-0.42366399097946306
-0.952190855208362
-0.6561710175805642
-1.1034301888587588
-0.6807142672097974
-1.155073334632509
-0.8611189282409621
-1.1168286494803359
-1.286381381781307
-0.3824550953369984
-1.13840383615719
-0.1333327124710918
-0.7768345486548861
-0.32430350795538765
-0.5632454285882463
-0.981140665597221
-1.0355100552272125
-0.12484128659222982
-0.498421635328182
-0.5885127358192384
0.08229625300902887
-1.1081823992347628
-0.9459466035944157
-1.2494356411548715
-0.49658287123585326
-1.1864162752902252
-0.96231796673117
-0.18772445500349977
-1.1401212569519745
-0.7465223078707605
-1.118504623608688
-1.431136196259371
-1.0448067731057105
0.14743817802781695
-0.9339649904447396
-0.6805391171843432
-0.7144923559987033
-0.9480111358062752
-0.865773280183274
-1.3880768765070801
-1.1678622097520697
-0.4146090180388563
-1.4456509539415312
-0.6889424641381754
-0.7259666056251032
-1.380375168984248
-0.9053208039050161
-0.8624168392289489
-0.8977471095699526
-0.8706850450169176
-0.7743825676656166
-0.6634717490807506
0.13412268557476603
-1.276024717436194
-0.9143803631038198
-0.8225582655832516
-0.3942429023153652
-0.8518176983852495
-1.0632532011650304
-1.3279322685823467
0.3846585038340698
-0.8656453148866226
0.429091481176229
-0.6378309861683589
-1.2072570996938872
-1.293763008695619
-1.0173154194372895
-0.7116486616965201
-1.22554491838791
0.29071681724892673
-1.1862880560532076
-0.7768853578899009
-0.6243433461627774
-1.30962993963781
-1.2890361704830782
-0.5650625516129278
-0.9920285245754107
0.08459228183138345
-1.4732266181497498
0.01989801467791008
-0.9748680230612923
-0.3205163785899892
-0.41995189075048284
-0.36452191476935536
-0.6203266645468122
-0.3704817833188123
-0.8373193045554833
0.8489392134190272
-1.05410527853636
-1.1736540125356034
-0.9267236791437266
-0.8384758214967402
0.09320181030081341
-0.8322702705761598
-0.9259799876004619
-0.8218805973288398
-0.9975954298347545
-0.8924204909798911
-0.7037532595739099
-0.3634828302091316
-0.6096466948243873
-1.003875633240914
-1.1222205268749716
-0.49770811126865144
-0.4760552034262866
-1.1349998517061772
-0.5938478812307227
-1.1075173839227164
-0.48821972607928726
-1.3629512330315774
-1.077740904090562
-0.05839251423123515
0.1745557447868478
-0.540031758678473
0.21938022584458516
-0.7389116497263355
-0.367290610314157
-0.22694121055759653
-1.0876123285986148
-1.1723472436942637
-1.4092751681075328
-0.13478315101298854
-1.2802563108627765
-1.461652916184378
-0.9119280001571174
-0.3666034742697929
-0.9516433443760776
-0.5004529328947481
-1.1101750772320451
-1.2219136667135677
-0.6643634739985235
-0.8887747257284069
-1.1637184798551616
-0.9939538350835764
-0.7228307615263057
0.003061585714427828
-1.061264656295452
-1.2311054138635287
-1.2478484192858383
0.09168538948674754
-1.279287676986621
-1.162960664209093
-0.2756170373731459
-1.3515996805939103
-0.760768748670798
-1.2766086771309815
-1.074518437549316
-1.1945509479180174
-0.3265379065922044
0.02889592238644567
-0.9680766277884038
0.7470370208630134
-0.39613634313565327
-0.7458723125991302
-1.1429737051516997
-0.6356878903301177
1.2328336496376637
-0.8576931551759011
-0.5339507132518898
-0.8539374871265996
-1.3723965480071292
-1.2393256717033359
-0.8611728473999221
0.5600073700065912
-0.9797676606421594
-0.8278717322853002
-1.1995306705112878
-1.4113228103864337
0.4201861396687494
0.45396870369592945
-0.6522374109989034
-0.5086630541735808
-1.0839829781828456
0.9131630982252468
-1.3510972705548512
-1.0299196493292415
-0.9263966471648107
-1.0328472553406658
-0.025565657355217875
-0.8036962336534687
-1.23922234411924
-0.5669202171605483
-0.7562573934794176
0.9765146521760751
-0.5941066993664372
-1.3003734182607838
-1.0958673683453153
-1.3825783475942455
-1.145443456198348
-1.3904118183686105
-1.0503410033186342
-0.4707777789072208
0.057624523583386544
-0.820822035234936
-0.3944510683915319
-0.2915394660654693
-0.8319505711961741
-0.2764689904529045
-1.0532218928558272
-0.782152247593499
-0.9517127113727064
-1.3324386395169912
-0.8656438482012332
-0.11732318365511368
-1.4701348689698874
-0.7798157715443657
-0.515286988975972
-1.1361810137069588
-0.4478631106198
-0.6668643573746447
-1.2871391657282303
-0.9379637973230934
-1.3100615760972283
-1.0638046764305882
-0.6008037153853508
-0.9064963189588038
-0.6236748568937102
-0.7214574814071092
-0.8559716055671922
-1.37265790598981
-0.9965591724204473
-0.8460851614603379
-0.8092332581951331
-0.6220509347167446
-0.7980250535284678
-0.35844295863063347
-1.4674990879303214
-0.08678532731743305
-0.6661099375561843
-0.6508634811648096
-0.5116423210429161
-0.6852076610328373
-0.7840673422747181
-0.4664681383195822
-0.2746567134241731
-0.6785047334780843
-0.6088178418343919
-0.9545172279651987
-0.8554264410073833
-0.6013178809664848
-1.208487696849661
-0.7197455608211388
-0.7754659399277404
-0.1672099157126476
-1.3233330881499685
0.27555358585224876
-0.9640814043914343
-1.0272902572797964
-0.8656192289963466
-1.1251073705486574
-0.9962624084461243
-0.5508393531609246
-0.6891108582920595
-1.1017974421594983
0.5428777383195013
-1.2797167774117109
-0.8324442562256423
0.22552258865649782
-0.5783665277071461
0.3459312405112104
0.8006367128312614
-0.24525115622011895
-0.9997925407458791
-1.186687462501229
-0.9997468164261379
-0.5960632009747119
0.03983804679917215
-1.0630464461394449
-1.4513522120313054
-1.0425274171762613
-1.3798231454047305
0.004909194650606574
-0.7156408061677428
-0.5378790831635276
-0.9863585019357404
-0.6373546210110843
-0.17364872037639417
-1.2333848385094868
-0.9669453075988582
0.16148865999435436
-1.203187774597737
-0.7842224634976424
-0.5865896166824137
-1.0322211141715334
-0.8852155961604978
-0.8556971165604568
-0.26393776201704594
-0.6558241245233241
-0.15386552753138005
-0.8632898480477864
0.1044692939241891
-0.8875250846801561
-1.1686719490761721
-1.1373732883207055
-0.855483030828172
-0.08509588643315416
-0.9702004707797545
-0.7784620100942058
-1.2439197196189298
-0.8753191334564709
0.32044187160133714
-1.192306554103891
-0.943374436435389
-1.0390125635307204
-0.7778497137532208
-0.484562998359351
-0.30216357439406455
-0.5015474935135016
-0.7515816623152792
-1.1104131061537577
-0.9175262150792635
-0.7328220513599729
-0.5490400190276797
0.12524305183264983
-0.9205830866235936
0.058555991406391894
-0.44137537159490714
-0.8079391480588128
-0.5601321394090115
0.008582836054540244
-1.3024625312704434
-0.04366702994496205
0.12676955110930221
-0.6825100018234096
-0.9613912769999244
-0.995313814041376
-0.30978079340471054
-0.7987730105950456
-1.1188740862848783
-0.9160775585219797
-0.38940906853579926
-0.5399209580861197
-0.5982875187757013
-1.2831770409929875
-0.5374579867432296
-1.320438768836909
-0.934824461956628
-0.7112856423742067
-0.8525052390079365
-0.9617385697628642
-0.2984035333108787
-1.3972460118743348
-1.3904699562971763
-1.0551673640190629
-0.15497309609772886
0.23135487353986567
-1.212600323090315
-0.4334514297659367
-1.3464890296503906
-1.3145176581882492
-0.30210705941447463
-1.2267823306614156
-1.0472200985644733
-0.6156814755812147
-0.7652813315401576
-1.2631724270296085
-1.072203342491159
-0.9571733678031367
-0.19315933394931217
-1.0561400140728465
-1.072994882453537
-0.9561461354859155
-0.33386241783518433
-0.68741994544393
