-1.497997
-1.394566
-1.501274
-1.502777
-1.497099
-1.499088
-1.413646
-1.498808
-1.413005
-1.38671
-1.499445
-1.498353
-1.499177
-1.335967
-1.501756
-1.399922
-1.500872
-1.366337
-1.498527
-1.36826
-1.453947
-1.499058
-1.497541
-1.501138
-1.501203
-1.497626
-1.415644
-1.49983
-1.407014
-1.44255
-1.436236
-1.439428
-1.461544
-1.497277
-1.498602
-1.501154
-1.501275
-1.498992
-1.363622
-1.499166
-1.49724
-1.371763
-1.501761
-1.454842
-1.356463
-1.498639
-1.501738
-1.501507
-1.416872
-1.495536
-1.442951
-1.410967
-1.501804
-1.322199
-1.387086
-1.319712
-1.500829
-1.417091
-1.49834
-1.503488
-1.473849
-1.418944
-1.501638
-1.503621
-1.500048
-1.499438
-1.49674
-1.496278
-1.502509
-1.486573
-1.498133
-1.498206
-1.500366
-1.499653
-1.498213
-1.503822
-1.500372
-1.49938
-1.372467
-1.500482
-1.336667
-1.285228
-1.500227
-1.419316
-1.495021
-1.501292
-1.43355
-1.500257
-1.502395
-1.405031
-1.349466
-1.500532
-1.499607
-1.499805
-1.496592
-1.500399
-1.49923
-1.500772
-1.373412
-1.426259
-1.376987
-1.338231
-1.440013
-1.499686
-1.444965
-1.499752
-1.501962
-1.501255
-1.500064
-1.435502
-1.497823
-1.450419
-1.315069
-1.49714
-1.347974
-1.500991
-1.428069
-1.499518
-1.502894
-1.439178
-1.500018
-1.498379
-1.501596
-1.497745
-1.504747
-1.437863
-1.494489
-1.499058
-1.339578
-1.449515
-1.497959
-1.414808
-1.416663
-1.500328
-1.501565
-1.351151
-1.390831
-1.500677
-1.418862
-1.413763
-1.3187
-1.500971
-1.350368
-1.502961
-1.439329
-1.469281
-1.336672
-1.499744
-1.321303
-1.495299
-1.504649
-1.353801
-1.425659
-1.500002
-1.50092
-1.499902
-1.498717
-1.437261
-1.382492
-1.420144
-1.497506
-1.501504
-1.500772
-1.501257
-1.498918
-1.422079
-1.383123
-1.324442
-1.499742
-1.497608
-1.501178
-1.4992
-1.501179
-1.377597
-1.498312
-1.366475
-1.49884
-1.47104
-1.316286
-1.501956
-1.50167
-1.318905
-1.495698
-1.497486
-1.495705
-1.501963
-1.50097
-1.31866
-1.385855
-1.498931
-1.499849
-1.501641
-1.50049
-1.501817
-1.501223
-1.498952
-1.501618
-1.321967
-1.501304
-1.502268
-1.501579
-1.501145
-1.410969
-1.499722
-1.499779
-1.498706
-1.501177
-1.409275
-1.44436
-1.317383
-1.429537
-1.501536
-1.495371
-1.452261
-1.500538
-1.366295
-1.499001
-1.454105
-1.412379
-1.500407
-1.501152
-1.49675
-1.49809
-1.49997
-1.388954
-1.501075
-1.498466
-1.327344
-1.317649
-1.439105
-1.502208
-1.43872
-1.503645
-1.501261
-1.356223
-1.409047
-1.339156
-1.409512
-1.498677
-1.32009
-1.499807
-1.427978
-1.503823
-1.499064
-1.496171
-1.499511
-1.396117
-1.501634
-1.50144
-1.498445
-1.354752
-1.497998
-1.497357
-1.434168
-1.498796
-1.431899
-1.45363
-1.450652
-1.498728
-1.424685
-1.421688
-1.363417
-1.45232
-1.420042
-1.499294
-1.463435
-1.49819
-1.50372
-1.434028
-1.498974
-1.497421
-1.499616
-1.500407
-1.377176
-1.337679
-1.499761
-1.458293
-1.358746
-1.498369
-1.417244
-1.5007
-1.499323
-1.380102
-1.499438
-1.469166
-1.443141
-1.500126
-1.388954
-1.446274
-1.469349
-1.501176
-1.496317
-1.499845
-1.328782
-1.352627
-1.386234
-1.50188
-1.439494
-1.502296
-1.496779
-1.45026
-1.502475
-1.471428
-1.499507
-1.49922
-1.499726
-1.390542
-1.49902
-1.500663
-1.501486
-1.500749
-1.352437
-1.414784
-1.472663
-1.500466
-1.321667
-1.442532
-1.501449
-1.500505
-1.49946
-1.503254
-1.376959
-1.496693
-1.291571
-1.435538
-1.440393
-1.502506
-1.499569
-1.497478
-1.417365
-1.499868
-1.496962
-1.501449
-1.423503
-1.395088
-1.452097
-1.498377
-1.50038
-1.499056
-1.498173
-1.337223
-1.458919
-1.500704
-1.497686
-1.498213
-1.503256
-1.405838
-1.501161
-1.498524
-1.499455
-1.50256
-1.501278
-1.499626
-1.500419
-1.453044
-1.408506
-1.469244
-1.45887
-1.437015
-1.45674
-1.498721
-1.432083
-1.410738
-1.3945
-1.500265
-1.404084
-1.43877
-1.451687
-1.442714
-1.454427
-1.430324
-1.498702
-1.505085
-1.35002
-1.502908
-1.500499
-1.456763
-1.498063
-1.501534
-1.499806
-1.443857
-1.466839
-1.436146
-1.359812
-1.499563
-1.50074
-1.421046
-1.497942
-1.500584
-1.503114
-1.46163
-1.500561
-1.499874
-1.499151
-1.496247
-1.455091
-1.461081
-1.495489
-1.425093
-1.501813
-1.500077
-1.49503
-1.414908
-1.443797
-1.388185
-1.409032
-1.499143
-1.501826
-1.501749
-1.41519
-1.42767
-1.374269
-1.500771
-1.499799
-1.499388
-1.500089
-1.450736
-1.501214
-1.319768
-1.499316
-1.390154
-1.504002
-1.500381
-1.439395
-1.501608
-1.430761
-1.40764
-1.362742
-1.498615
-1.428386
-1.499853
-1.360379
-1.501506
-1.499492
-1.435474
-1.40762
-1.501374
-1.499192
-1.440375
-1.446678
-1.439944
-1.373612
-1.496511
-1.328588
-1.500692
-1.49926
-1.500115
-1.342176
-1.49329
-1.410724
-1.499894
-1.317001
-1.459669
-1.436807
-1.499462
-1.500462
-1.501266
-1.457122
-1.500371
-1.333749
-1.500561
-1.452176
-1.501013
-1.365545
-1.413034
-1.499392
-1.41571
-1.378769
-1.373048
-1.499727
-1.501961
-1.499264
-1.414745
-1.443279
-1.502332
-1.315949
-1.43086
-1.502468
-1.368973
-1.497624
-1.474114
-1.440529
-1.441155
-1.350293
-1.49819
-1.500628
-1.499625
-1.500691
-1.497993
-1.354822
-1.498801
-1.435726
-1.49962
-1.50054
-1.500598
-1.500932
-1.500068
-1.396415
-1.416619
-1.443531
-1.457008
-1.483225
-1.502061
-1.397262
-1.501236
-1.416465
-1.45003
-1.497947
-1.501726
-1.500901
-1.403623
-1.501068
-1.499354
-1.499745
-1.3715
-1.352023
-1.501977
-1.501323
-1.461046
-1.498426
-1.499008
-1.49924
-1.501431
-1.49938
-1.461079
-1.501218
-1.500777
-1.428743
-1.466848
-1.500618
-1.380938
-1.319346
-1.496596
-1.498538
-1.495203
-1.498341
-1.444888
-1.499865
-1.497326
-1.501558
-1.499751
-1.424365
-1.499773
-1.502551
-1.311717
-1.500089
-1.500409
-1.498561
-1.330741
-1.499452
-1.500345
-1.498683
-1.49681
-1.498212
-1.459936
-1.445807
-1.500756
-1.498299
-1.504039
-1.419527
-1.498403
-1.34556
-1.494162
-1.503651
-1.500405
-1.434305
-1.504086
-1.424797
-1.499005
-1.50034
-1.497508
-1.406112
-1.409771
-1.502957
-1.474932
-1.443825
-1.501932
-1.500779
-1.502697
-1.36962
-1.428932
-1.497907
-1.497436
-1.501702
-1.316102
-1.450771
-1.496417
-1.359065
-1.498032
-1.444361
-1.440007
-1.500343
-1.365317
-1.500984
-1.500229
-1.386306
-1.498679
-1.499443
-1.354618
-1.444614
-1.500148
-1.444949
-1.469311
-1.338018
-1.392232
-1.395536
-1.502935
-1.50079
-1.500596
-1.498229
-1.454108
-1.420369
-1.452385
-1.49934
-1.454787
-1.366235
-1.498982
-1.461933
-1.501806
-1.372952
-1.401836
-1.501217
-1.502131
-1.413848
-1.497458
-1.499203
-1.499707
-1.446072
-1.501223
-1.499159
-1.496861
-1.501099
-1.497056
-1.503619
-1.498204
-1.501424
-1.388538
-1.35285
-1.360682
-1.50237
-1.500365
-1.453629
-1.498863
-1.451977
-1.466662
-1.497122
-1.404871
-1.354503
-1.499009
-1.501719
-1.500048
-1.503145
-1.407666
-1.434569
-1.498691
-1.499024
-1.382857
-1.502717
-1.474581
-1.444968
-1.422461
-1.387054
-1.320815
-1.500144
-1.500731
-1.358631
-1.499091
-1.416039
-1.416094
-1.397955
-1.358435
-1.384007
-1.41912
-1.455136
-1.499299
-1.427843
-1.500079
-1.498041
-1.382672
-1.50071
-1.417958
-1.499318
-1.503067
-1.497338
-1.418117
-1.498498
-1.4997
-1.500203
-1.436932
-1.498962
-1.418466
-1.498696
-1.392753
-1.499948
-1.471636
-1.390468
-1.364348
-1.498413
-1.065932
-1.499147
-1.36336
-1.500934
-1.406729
-1.373422
-1.321122
-1.503203
-1.501409
-1.498294
-1.502873
-1.500126
-1.501184
-1.503268
-1.379621
-1.327292
-1.501607
-1.500031
-1.468776
-1.429194
-1.50014
-1.460078
-1.329016
-1.499202
-1.497309
-1.499485
-1.498847
-1.497939
-1.444185
-1.394473
-1.499828
-1.394874
-1.499449
-1.400974
-1.499905
-1.499455
-1.500685
-1.462725
-1.501136
-1.501074
-1.37345
-1.499025
-1.430092
-1.500368
-1.500675
-1.390496
-1.499187
-1.387889
-1.416621
-1.497802
-1.500614
-1.498094
-1.500289
-1.499363
-1.410016
-1.404194
-1.498577
-1.437595
-1.4977
-1.501138
-1.4381
-1.499074
-1.499358
-1.419224
-1.455834
-1.316945
-1.498872
-1.502232
-1.356792
-1.497328
-1.447705
-1.497617
-1.499282
-1.362639
-1.49846
-1.502543
-1.502095
-1.399292
-1.501067
-1.402796
-1.456202
-1.49994
-1.499845
-1.500604
-1.500884
-1.458269
-1.4601
-1.497956
-1.500303
-1.499277
-1.498021
-1.500089
-1.497661
-1.384713
-1.499808
-1.499302
-1.500676
-1.502803
-1.499344
-1.378491
-1.498847
-1.497842
-1.342979
-1.461082
-1.408667
-1.442234
-1.480669
-1.371427
-1.498038
-1.394064
-1.504636
-1.501297
-1.499115
-1.356368
-1.496387
-1.428914
-1.501904
-1.499953
-1.417899
-1.500392
-1.498407
-1.369209
-1.502263
-1.374796
-1.442472
-1.31725
-1.322032
-1.501541
-1.503735
-1.501199
-1.499944
-1.367826
-1.499674
-1.498015
-1.498841
-1.502822
-1.37649
-1.417601
-1.40206
-1.502879
-1.499469
-1.384614
-1.396543
-1.455777
-1.496096
-1.500784
-1.470708
-1.499043
-1.339273
-1.434779
-1.499441
-1.374624
-1.498837
-1.441467
-1.502817
-1.400223
-1.367727
-1.439757
-1.50069
-1.498119
-1.497274
-1.367039
-1.497328
-1.423839
-1.500754
-1.498878
-1.49618
-1.470189
-1.500813
-1.367917
-1.425859
-1.406495
-1.498502
-1.502883
-1.33327
-1.498657
-1.433996
-1.465926
-1.451193
-1.500222
-1.500101
-1.503858
-1.393129
-1.496031
-1.501368
-1.408171
-1.460544
-1.442982
-1.336426
-1.503171
-1.39552
-1.321289
-1.399743
-1.499344
-1.499652
-1.497564
-1.361579
-1.399733
-1.49977
-1.502485
-1.384997
-1.500893
-1.499005
-1.396642
-1.428525
-1.501632
-1.496128
-1.499054
-1.395849
-1.497907
-1.501544
-1.379955
-1.500164
-1.444127
-1.500541
-1.416113
-1.471087
-1.461802
-1.499432
-1.45032
-1.50325
-1.497699
-1.319452
-1.422174
-1.50017
-1.499075
-1.503079
-1.500532
-1.500199
-1.501038
-1.500622
-1.457016
-1.501453
-1.499288
-1.502961
-1.49805
-1.370543
-1.499608
-1.495349
-1.499263
-1.50102
-1.497704
-1.499363
-1.328677
-1.475913
-1.500391
-1.501344
-1.50074
-1.499754
-1.455086
-1.423878
-1.41168
-1.348549
-1.502083
-1.499397
-1.500579
-1.440419
-1.498402
-1.501476
-1.454912
-1.501521
-1.500844
-1.407325
-1.369342
-1.499103
-1.502755
-1.499423
-1.500272
-1.497443
-1.496606
-1.453054
-1.500424
-1.393453
-1.50044
-1.502429
-1.373682
-1.496752
-1.438579
-1.499603
-1.355768
-1.390514
-1.500488
-1.497109
-1.501173
-1.502452
-1.448214
-1.42144
-1.502395
-1.496038
-1.499533
-1.447406
-1.504323
-1.353548
-1.498821
-1.437223
-1.500472
-1.499308
-1.395582
-1.497761
-1.441454
-1.412342
-1.499922
-1.382146
-1.497289
-1.498663
-1.45963
-1.398115
-1.500218
-1.499033
-1.429669
-1.500747
-1.462459
-1.500856
-1.501423
-1.49851
-1.49955
-1.501236
-1.501347
-1.498525
-1.502946
-1.501654
-1.501707
-1.499202
-1.496338
-1.498276
-1.498428
-1.500204
-1.497838
-1.443721
-1.380896
-1.502131
-1.499697
-1.499561
-1.501782
-1.453242
-1.334497
-1.502259
-1.503538
-1.504525
-1.499811
-1.500308
-1.502559
-1.501678
-1.501603
-1.419385
-1.496881
-1.499436
-1.499527
-1.498627
-1.4246
-1.433655
-1.360927
-1.495971
-1.500559
-1.368037
-1.446407
-1.413379
-1.413248
-1.435516
-1.414177
-1.500337
-1.498929
-1.437627
-1.423116
-1.446827
-1.50198
-1.417099
-1.415472
-1.499708
-1.501312
-1.395887
-1.462333
-1.500084
-1.392829
-1.500077
-1.46194
-1.499965
-1.502903
-1.333142
-1.501569
-1.498242
-1.503197
-1.500375
-1.500702
-1.50066
-1.501428
-1.319045
-1.503954
-1.50209
-1.441226
-1.497526
-1.334698
-1.500792
-1.498588
-1.502067
-1.498646
-1.31931
-1.373238
-1.37939
-1.500025
-1.502219
-1.501057
-1.441612
-1.50144
-1.460621
-1.375993
-1.498032
-1.501767
-1.500351
-1.387941
-1.499461
-1.498501
-1.502446
-1.442027
-1.336258
-1.46923
-1.397219
-1.502741
-1.426507
-1.495117
-1.498287
-1.499101
-1.405851
-1.500557
-1.451562
-1.498729
-1.494242
-1.502558
-1.497876
-1.397724
-1.436044
-1.317874
-1.446789
-1.343575
-1.379835
-1.502104
-1.416673
-1.500387
-1.43587
-1.499951
-1.502388
-1.33462
-1.502527
-1.493304
-1.50087
-1.501242
-1.375946
-1.334194
-1.501887
-1.360726
-1.504135
-1.49907
-1.502911
-1.502133
-1.457459
-1.364283
-1.446974
-1.497536
-1.50126
-1.499706
-1.447078
-1.379766
-1.499514
-1.499038
-1.496961
-1.410592
-1.502403
-1.401156
-1.454381
-1.501175
-1.499994
-1.497881
-1.434715
-1.381722
-1.367989
-1.499986
-1.498304
-1.497819
-1.497257
-1.460969
-1.50112
-1.407163
-1.498736
-1.501925
-1.497213
-1.365119
-1.497851
-1.442802
-1.500157
-1.503067
-1.503111
-1.448883
-1.427152
-1.497387
-1.49989
-1.500391
-1.359307
-1.500014
-1.501637
-1.502279
-1.498027
-1.450903
-1.437531
-1.501333
-1.500386
-1.502447
-1.472447
-1.499656
-1.499826
-1.328538
-1.498274
-1.502415
-1.501108
-1.500376
-1.499948
-1.352644
-1.469718
-1.502172
-1.431791
-1.502101
-1.437911
-1.382612
-1.385535
-1.501537
-1.453139
-1.431532
-1.498893
-1.49838
-1.453063
-1.436083
-1.500009
-1.501487
-1.501794
-1.429624
-1.497809
-1.381644
-1.457077
-1.499482
-1.498943
-1.450005
-1.409844
-1.40877
-1.503075
-1.500579
-1.500366
-1.437832
-1.40522
-1.413243
-1.497001
-1.368168
-1.406374
-1.436932
-1.501246
-1.498853
-1.501174
-1.474386
-1.393478
-1.500772
-1.499741
-1.451246
-1.502396
-1.335499
-1.501354
-1.498421
-1.494925
-1.498978
-1.414535
-1.502936
-1.453136
-0.858612
-1.500585
-1.421801
-1.496809
-1.466059
-1.50187
-1.418596
-1.500745
-1.355186
-1.500027
-1.498143
-1.499023
-1.497407
-1.498871
-1.499336
-1.499545
-1.415874
-1.500383
-1.501636
-1.498836
-1.503893
-1.501685
-1.434567
-1.460603
-1.470643
-1.503053
-1.500731
-1.479293
-1.502918
-1.501392
-1.499998
-1.498727
-1.351333
-1.384553
-1.496811
-1.498983
-1.505208
-1.501247
-1.498806
-1.50236
-1.380058
-1.449924
-1.435644
-1.341391
-1.502775
-1.502078
-1.49801
-1.499295
-1.500967
-1.500266
-1.415867
-1.500566
-1.50259
-1.425308
-1.500001
-1.353194
-1.500523
-1.377822
-1.504828
-1.360192
-1.457741
-1.409317
-1.370786
-1.366841
-1.344787
-1.43995
-1.346851
-1.361703
-1.501444
-1.504813
-1.501045
-1.50319
-1.456529
-1.415276
-1.501142
-1.349829
-1.500005
-1.499627
-1.501494
-1.377132
-1.503395
-1.498779
-1.415222
-1.495105
-1.439748
-1.500279
-1.393762
-1.453797
-1.499787
-1.501698
-1.503552
-1.495613
-1.358772
-1.501376
-1.403517
-1.473092
-1.500448
-1.443642
-1.500226
-1.499723
-1.394753
-1.36543
-1.500015
-1.343977
-1.317898
-1.499039
-1.498379
-1.400189
-1.497841
-1.500014
-1.317126
-1.500359
-1.419272
-1.500247
-1.501095
-1.499824
-1.415986
-1.498457
-1.455562
-1.50069
-1.49911
-1.498665
-1.501263
-1.494393
-1.474675
-1.50181
-1.449893
-1.461329
-1.498634
-1.499352
-1.424475
-1.499118
-1.501626
-1.502343
-1.355706
-1.501308
-1.362598
-1.435671
-1.499993
-1.413129
-1.491579
-1.384116
-1.499777
-1.501755
-1.499321
-1.499485
-1.433736
-1.497873
-1.497148
-1.441188
-1.499219
-1.49768
-1.501883
-1.353376
-1.501605
-1.361532
-1.448099
-1.385816
-1.448766
-1.498415
-1.500516
-1.498375
-1.499111
-1.456054
-1.498693
-1.382108
-1.447818
-1.502237
-1.40817
-1.498105
-1.34819
-1.374537
-1.319114
-1.499104
-1.36265
-1.511221
-1.36608
-1.423714
-1.425622
-1.4202
-1.501048
-1.408211
-1.415235
-1.501741
-1.502037
-1.318041
-1.472696
-1.330074
-1.503864
-1.345057
-1.50032
-1.499657
-1.500354
-1.499692
-1.499493
-1.502178
-1.500568
-1.499487
-1.481597
-1.494813
-1.500094
-1.407032
-1.498566
-1.35827
-1.497949
-1.499063
-1.499661
-1.499985
-1.448111
-1.498312
-1.319215
-1.498942
-1.46579
-1.367484
-1.499848
-1.41793
-1.498041
-1.455857
-1.441081
-1.498541
-1.419442
-1.501661
-1.475637
-1.397523
-1.402615
-1.498698
-1.501633
-1.387751
-1.360457
-1.320048
-1.497689
-1.44388
-1.503079
-1.439584
-1.371832
-1.501929
-1.501164
-1.457226
-1.377131
-1.438213
-1.501041
-1.497963
-1.499248
-1.456864
-1.407705
-1.443093
-1.362466
-1.499603
-1.498746
-1.501561
-1.412641
-1.500801
-1.389604
-1.500357
-1.3696
-1.499039
-1.499359
-1.4994
-1.498808
-1.499893
-1.463342
-1.499088
-1.440218
-1.424264
-1.453483
-1.420754
-1.501272
-1.390279
-1.501315
-1.498826
-1.403306
-1.497793
-1.469505
-1.500523
-1.43915
-1.440892
-1.354384
-1.498032
-1.500926
-1.502595
-1.499569
-1.50015
-1.3886
-1.500276
-1.499319
-1.392869
-1.375574
-1.441637
-1.439748
-1.501257
-1.500511
-1.5
-1.501594
-1.501166
-1.500087
-1.462241
-1.321149
-1.452604
-1.499741
-1.454016
-1.424132
-1.458843
-1.438863
-1.504979
-1.428363
-1.368588
-1.439041
-1.344632
-1.501401
-1.39025
-1.500461
-1.499134
-1.34818
-1.467217
-1.500007
-1.383872
-1.502881
-1.500542
-1.499666
-1.369996
-1.498318
-1.501811
-1.402726
-1.44696
-1.498185
-1.500314
-1.464972
-1.505214
-1.426171
-1.499954
-1.437584
-1.499992
-1.497512
-1.50109
-1.496012
-1.499813
-1.397106
-1.498286
-1.451653
-1.409493
-1.481091
-1.495604
-1.337191
-1.405255
-1.423235
-1.429231
-1.500161
-1.499049
-1.49808
-1.498536
-1.442379
-1.402298
-1.500715
-1.49866
-1.408907
-1.319283
-1.434153
-1.496522
-1.500427
-1.325718
-1.501158
-1.502148
-1.405954
-1.497912
-1.498442
-1.499938
-1.50073
-1.499825
-1.500842
-1.445729
-1.503507
-1.430136
-1.498346
-1.501184
-1.498756
-1.398798
-1.499961
-1.348511
-1.409484
-1.467257
-1.498293
-1.499412
-1.368681
-1.50129
-1.501145
-1.501462
-1.502999
-1.49979
-1.386688
-1.447019
-1.497686
-1.424368
-1.426583
-1.502614
-1.499954
-1.317085
-1.49461
-1.498718
-1.500886
-1.499693
-1.341463
-1.425131
-1.498989
-1.495492
-1.49629
-1.503378
-1.497335
-1.373933
-1.445317
-1.41595
-1.502127
-1.500473
-1.5005
-1.381018
-1.420805
-1.495075
-1.500221
-1.501322
-1.458087
-1.452445
-1.416271
-1.448206
-1.498356
-1.500379
-1.500326
-1.499356
-1.417588
-1.397349
-1.499636
-1.49975
-1.499681
-1.37434
-1.451055
-1.500506
-1.49814
-1.375323
-1.428385
-1.37027
-1.450734
-1.499365
-1.499223
-1.503915
-1.499155
-1.501431
-1.445864
-1.458873
-1.50062
-1.351091
-1.498581
-1.502185
-1.499007
-1.416901
-1.49871
-1.429031
-1.499573
-1.338355
-1.414223
-1.500109
-1.447529
-1.501055
-1.500827
-1.498814
-1.499368
-1.501254
-1.392584
-1.500407
-1.421826
-1.454374
-1.501268
-1.500929
-1.501061
-1.500838
-1.501252
-1.497831
-1.499692
-1.499213
-1.500921
-1.498666
-1.357259
-1.502464
-1.418587
-1.497998
-1.503128
-1.499053
-1.494947
-1.499181
-1.499798
-1.44002
-1.501674
-1.409205
-1.499606
-1.416713
-1.501391
-1.37802
-1.460192
-1.496491
-1.500322
-1.460542
-1.498652
-1.501188
-1.496713
-1.386856
-1.49971
-1.497714
-1.498116
-1.374309
-1.455814
-1.498472
-1.504329
-1.497585
-1.498307
-1.502751
-1.500032
-1.422914
-1.440228
-1.499229
-1.349995
-1.49917
-1.428419
-1.449608
-1.499821
-1.502506
-1.498165
-1.501672
-1.499651
-1.421125
-1.500652
-1.499795
-1.451919
-1.499607
-1.499607
-1.50011
-1.499855
-1.50343
-1.499042
-1.499874
-1.422782
-1.502342
-1.497478
-1.50143
-1.432135
-1.499128
-1.435221
-1.497768
-1.502611
-1.499354
-1.400915
-1.341662
-1.400717
-1.501967
-1.389209
-1.358349
-1.499687
-1.36225
-1.499283
-1.386688
-1.501423
-1.500057
-1.500327
-1.497819
-1.457169
-1.501715
-1.405439
-1.499397
-1.499387
-1.39004
-1.499076
-1.414422
-1.497119
-1.441766
-1.499669
-1.500873
-1.499974
-1.497656
-1.496985
-1.499809
-1.502634
-1.365464
-1.500059
-1.496635
-1.40606
-1.497437
-1.435291
-1.502002
-1.502711
-1.455407
-1.502042
-1.469357
-1.497724
-1.463316
-1.50117
-1.406164
-1.429305
-1.502425
-1.500957
-1.498634
-1.499256
-1.349409
-1.45041
-1.38408
-1.452062
-1.499569
-1.503404
-1.331368
-1.498693
-1.498499
-1.496193
-1.498877
-1.438924
-1.499556
-1.501813
-1.50029
-1.499461
-1.501815
-1.496757
-1.317891
-1.502723
-1.498473
-1.319031
-1.500903
-1.499489
-1.373836
-1.497869
-1.501857
-1.319144
-1.318911
-1.49703
-1.504112
-1.499399
-1.498604
-1.424315
-1.356677
-1.503054
-1.381935
-1.410967
-1.343676
-1.452993
-1.499312
-1.498543
-1.400926
-1.46509
-1.500089
-1.430743
-1.497516
-1.501276
-1.316125
-1.499629
-1.503892
-1.381396
-1.385815
-1.433633
-1.497414
-1.500179
-1.503835
-1.33971
-1.448623
-1.499092
-1.499987
-1.421798
-1.462629
-1.463944
-1.497392
-1.503392
-1.500939
-1.498546
-1.498393
-1.421136
-1.500426
-1.373599
-1.440276
-1.401941
-1.499123
-1.498945
-1.315457
-1.418259
-1.501572
-1.413935
-1.496868
-1.502692
-1.446398
-1.50077
-1.504761
-1.500319
-1.498846
-1.347788
-1.412739
-1.498313
-1.501539
-1.502392
-1.498765
-1.3862
-1.497219
-1.501044
-1.50146
-1.500824
-1.396006
-1.499487
-1.502187
-1.497304
-1.501762
-1.404075
-1.500183
-1.503025
-1.435331
-1.373034
-1.500709
-1.440685
-1.456964
-1.499314
-1.437152
-1.499955
-1.404317
-1.341401
-1.426792
-1.425799
-1.502565
-1.498614
-1.499756
-1.499105
-1.499624
-1.501555
-1.498447
-1.369023
-1.497486
-1.395932
-1.49784
-1.412542
-1.462766
-1.315166
-1.396396
-1.435779
-1.372041
-1.453461
-1.432157
-1.504099
-1.504114
-1.335605
-1.500102
-1.441839
-1.500006
-1.414365
-1.383732
-1.46349
-1.498214
-1.451137
-1.500385
-1.499007
-1.328148
-1.505296
-1.497932
-1.501655
-1.448706
-1.408854
-1.499193
-1.457424
-1.502182
-1.498925
-1.438906
-1.33182
-1.501196
-1.501084
-1.501357
-1.500423
-1.436005
-1.421815
-1.501781
-1.50261
-1.502514
-1.36004
-1.327312
-1.329977
-1.503545
-1.499418
-1.501319
-1.498639
-1.491938
-1.435917
-1.501907
-1.50089
-1.497084
-1.42658
-1.40748
-1.502144
-1.500288
-1.499712
-1.503448
-1.32698
-1.328218
-1.501846
-1.499079
-1.397177
-1.500078
-1.499583
-1.432346
-1.376413
-1.499177
-1.497985
-1.499242
-1.410079
-1.457049
-1.499389
-1.499207
-1.500395
-1.501636
-1.499256
-1.401873
-1.431742
-1.384776
-1.444357
-1.342614
-1.501064
-1.499151
-1.383511
-1.382582
-1.497074
-1.500106
-1.499547
-1.457339
-1.502708
-1.397246
-1.502296
-1.449717
-1.498943
-1.462135
-1.501622
-1.500973
-1.432302
-1.498991
-1.501083
-1.380587
-1.371657
-1.501325
-1.496846
-1.347091
-1.501517
-1.501379
-1.498258
-1.500089
-1.500459
-1.501422
-1.499921
-1.44007
-1.498967
-1.317171
-1.443199
-1.500272
-1.315548
-1.352118
-1.497439
-1.501341
-1.497603
-1.398495
-1.467712
-1.444637
-1.499377
-1.412024
-1.441044
-1.499744
-1.503041
-1.497197
-1.314734
-1.340115
-1.504306
-1.354926
-1.501006
-1.410893
-1.428325
-1.501815
-1.420389
-1.454512
-1.498982
-1.499191
-1.501538
-1.428133
-1.333076
-1.49884
-1.41454
-1.498579
-1.443502
-1.456734
-1.497407
-1.502731
-1.499251
-1.4958
-1.49895
-1.500784
-1.383408
-1.412607
-1.497536
-1.497651
-1.497433
-1.499516
-1.424871
-1.49984
-1.428996
-1.459988
-1.499202
-1.497696
-1.500948
-1.499899
-1.38392
-1.490538
-1.50193
-1.318606
-1.501086
-1.502119
-1.38919
-1.497647
-1.402749
-1.375741
-1.41568
-1.37185
-1.40507
-1.501066
-1.500311
-1.355768
-1.457652
-1.431925
-1.461058
-1.502536
-1.497618
-1.390903
-1.500932
-1.502589
-1.436008
-1.500623
-1.500874
-1.434389
-1.501537
-1.498343
-1.476248
-1.5004
-1.343719
-1.500088
-1.499604
-1.499473
-1.499553
-1.495661
-1.455932
-1.499449
-1.500022
-1.501621
-1.498124
-1.501267
-1.506199
-1.425934
-1.499013
-1.321997
-1.498916
-1.501303
-1.499013
-1.471039
-1.394008
-1.500871
-1.498128
-1.503753
-1.462911
-1.449441
-1.333928
-1.50036
-1.434643
-1.500248
-1.499566
-1.414327
-1.495664
-1.500589
-1.421046
-1.498961
-1.463515
-1.500929
-1.344421
-1.422308
-1.500401
-1.499474
-1.39032
-1.494582
-1.498547
-1.500805
-1.377094
-1.500942
-1.465126
-1.430774
-1.355228
-1.446186
-1.501177
-1.499362
-1.498842
-1.499113
-1.388318
-1.499661
-1.500165
-1.503197
-1.416363
-1.437383
-1.506641
-1.501146
-1.500114
-1.450904
-1.500949
-1.360293
-1.413097
-1.502434
-1.500758
-1.499068
-1.45714
-1.497949
-1.379333
-1.500044
-1.502416
-1.500635
-1.50192
-1.497973
-1.501048
-1.433622
-1.49925
-1.500586
-1.498263
-1.319145
-1.449798
-1.499836
-1.450845
-1.500585
-1.43622
-1.503867
-1.499376
-1.50373
-1.437162
-1.502111
-1.452109
-1.500722
-1.503294
-1.499792
-1.444655
-1.498518
-1.500533
-1.447494
-1.502255
-1.502691
-1.36547
-1.499715
-1.374881
-1.498486
-1.388097
-1.388846
-1.499844
-1.500044
-1.319749
-1.498235
-1.500572
-1.460392
-1.445367
-1.497385
-1.452581
-1.498823
-1.49997
-1.501034
-1.500848
-1.498767
-1.501381
-1.498739
-1.498299
-1.372438
-1.497484
-1.435262
-1.500919
-1.496578
-1.49994
-1.500723
-1.500171
-1.363101
-1.502053
-1.41412
-1.502488
-1.42597
-1.36482
-1.429406
-1.343858
-1.49935
-1.46971
-1.502579
-1.499466
-1.405877
-1.496434
-1.328342
-1.500076
-1.500666
-1.437671
-1.40013
-1.501267
-1.503313
-1.499274
-1.503516
-1.498788
-1.501425
-1.501347
-1.500048
-1.398537
-1.473812
-1.49687
-1.500328
-1.407349
-1.319463
-1.496342
-1.395325
-1.444761
-1.49856
-1.502519
-1.498737
-1.504548
-1.320298
-1.430536
-1.500062
-1.499151
-1.502772
-1.397072
-1.498039
-1.500879
-1.499042
-1.499511
-1.457467
-1.406549
-1.49989
-1.377401
-1.502586
-1.429741
-1.502248
-1.501377
-1.463731
-1.501362
-1.499372
-1.502142
-1.499994
-1.50024
-1.503204
-1.49952
-1.497829
-1.422273
-1.349739
-1.384873
-1.407349
-1.502854
-1.498432
-1.501057
-1.500255
-1.360599
-1.499141
-1.500047
-1.49834
-1.497833
-1.499621
-1.502616
-1.500612
-1.500557
-1.499743
-1.446695
-1.499209
-1.472225
-1.500118
-1.50335
-1.344353
-1.502006
-1.39938
-1.449358
-1.37743
-1.299011
-1.501227
-1.367786
-1.444093
-1.406614
-1.386932
-1.502481
-1.502372
-1.460828
-1.499469
-1.498711
-1.500626
-1.498729
-1.44477
-1.447493
-1.328853
-1.499604
-1.44495
-1.504601
-1.501738
-1.500111
-1.499943
-1.502521
-1.450906
-1.419417
-1.499673
-1.500771
-1.501876
-1.415228
-1.498208
-1.498475
-1.394366
-1.372141
-1.50236
-1.370936
-1.497502
-1.500619
-1.498504
-1.497795
-1.499805
-1.497788
-1.498673
-1.499079
-1.500969
-1.498847
-1.432158
-1.387433
-1.502244
-1.358921
-1.495347
-1.500991
-1.45578
-1.497915
-1.504103
-1.499553
-1.412431
-1.50192
-1.497305
-1.498562
-1.499677
-1.502395
-1.498324
-1.498462
-1.500788
-1.49979
-1.381765
-1.360526
-1.41199
-1.433454
-1.499597
-1.45419
-1.318537
-1.500829
-1.497551
-1.50095
-1.428591
-1.315613
-1.502356
-1.420755
-1.499327
-1.44163
-1.497875
-1.502919
-1.502845
-1.49984
-1.496298
-1.427553
-1.394809
-1.496216
-1.50208
-1.497878
-1.499536
-1.502411
-1.500524
-1.411104
-1.420607
-1.44918
-1.502093
-1.445779
-1.499851
-1.418448
-1.433611
-1.346211
-1.360623
-1.497668
-1.501048
-1.371521
-1.364803
-1.497673
-1.412737
-1.500641
-1.457674
-1.458616
-1.497872
-1.499989
-1.497612
-1.371941
-1.499361
-1.498711
-1.433335
-1.332631
-1.45087
-1.502632
-1.390105
-1.501496
-1.500954
-1.498512
-1.366201
-1.498489
-1.499434
-1.500604
-1.426316
-1.456484
-1.497693
-1.445608
-1.498901
-1.50021
-1.497538
-1.497769
-1.49873
-1.430989
-1.500888
-1.395295
-1.454938
-1.501088
-1.498109
-1.350013
-1.353328
-1.497683
-1.371162
-1.501911
-1.343805
-1.498935
-1.499595
-1.501458
-1.470574
-1.409318
-1.458488
-1.502338
-1.498502
-1.49959
-1.49992
-1.497585
-1.447371
-1.422568
-1.501708
-1.442516
-1.393136
-1.503073
-1.454632
-1.423405
-1.499439
-1.499945
-1.504943
-1.501657
-1.498882
-1.356315
-1.456252
-1.375485
-1.499133
-1.501883
-1.503775
-1.476994
-1.395114
-1.410039
-1.499065
-1.500007
-1.351073
-1.500187
-1.49872
-1.40533
-1.496671
-1.380571
-1.498683
-1.501601
-1.409864
-1.336549
-1.420344
-1.499336
-1.49833
-1.407473
-1.498569
-1.39848
-1.500785
-1.385776
-1.434425
-1.500742
-1.503379
-1.452228
-1.497358
-1.500899
-1.442205
-1.501329
-1.496147
-1.499954
-1.476968
-1.429021
-1.403069
-1.498639
-1.502467
-1.498482
-1.496507
-1.502008
-1.498084
-1.487708
-1.330819
-1.305996
-1.458593
-1.500115
-1.465949
-1.500162
-1.373899
-1.500364
-1.384079
-1.461387
-1.49918
-1.501124
-1.338552
-1.432673
-1.500013
-1.328413
-1.410069
-1.373164
-1.355857
-1.436889
-1.435583
-1.50295
-1.35692
-1.50105
-1.499589
-1.498281
-1.44808
-1.449754
-1.503684
-1.504506
-1.427807
-1.502465
-1.441577
-1.455935
-1.50069
-1.502899
-1.315662
-1.499113
-1.498959
-1.500265
-1.501203
-1.501845
-1.502081
-1.376453
-1.501269
-1.500319
-1.388087
-1.363952
-1.500549
-1.395337
-1.504376
-1.499794
-1.382657
-1.499295
-1.504198
-1.43161
-1.496365
-1.500268
-1.334258
-1.501742
-1.496738
-1.500981
-1.499677
-1.335001
-1.438624
-1.499676
-1.405517
-1.422347
-1.501018
-1.503546
-1.430416
-1.50195
-1.501086
-1.501035
-1.499641
-1.39207
-1.355664
-1.498857
-1.44927
-1.499545
-1.500878
-1.50339
-1.502178
-1.501218
-1.427236
-1.498555
-1.419371
-1.497708
-1.499815
-1.43344
-1.380431
-1.499317
-1.499037
-1.465382
-1.49894
-1.499909
-1.501483
-1.502002
-1.49802
-1.449282
-1.496986
-1.461546
-1.385254
-1.499568
-1.501815
-1.500619
-1.352821
-1.435632
-1.503479
-1.497567
-1.381727
-1.501816
-1.425356
-1.50223
-1.499669
-1.500324
-1.337528
-1.31668
-1.497724
-1.369184
-1.498644
-1.501927
-1.319557
-1.499689
-1.500752
-1.445699
-1.437895
-1.500135
-1.392369
-1.438143
-1.331581
-1.326486
-1.501839
-1.499096
-1.392339
-1.497721
-1.394287
-1.500983
-1.500074
-1.501132
-1.344505
-1.422118
-1.498214
-1.500416
-1.501427
-1.432421
-1.423523
-1.499714
-1.500924
-1.495593
-1.501476
-1.446785
-1.501491
-1.39434
-1.496602
-1.433695
-1.498733
-1.455362
-1.357248
-1.499557
-1.499388
-1.496713
-1.503778
-1.39203
-1.401421
-1.499184
-1.50125
-1.443213
-1.50101
-1.499612
-1.499101
-1.444979
-1.357323
-1.37573
-1.372045
-1.423006
-1.459114
-1.497996
-1.498754
-1.500149
-1.501446
-1.501535
-1.428663
-1.499131
-1.501984
-1.410605
-1.499502
-1.499167
-1.500477
-1.497996
-1.497912
-1.497814
-1.499717
-1.389293
-1.499705
-1.326356
-1.499591
-1.497761
-1.441737
-1.499238
-1.502118
-1.501997
-1.440227
-1.361518
-1.499194
-1.3593
-1.412064
-1.412208
-1.332403
-1.498921
-1.500104
-1.502622
-1.501882
-1.502165
-1.388622
-1.501368
-1.33741
-1.378086
-1.502529
-1.454148
-1.502441
-1.336867
-1.377541
-1.500983
-1.500203
-1.429484
-1.499719
-1.500147
-1.451702
-1.49919
-1.406951
-1.499867
-1.50256
-1.500691
-1.454021
-1.502316
-1.399278
-1.341041
-1.501886
-1.500279
-1.502534
-1.393891
-1.31894
-1.497404
-1.411469
-1.49981
-1.49759
-1.498262
-1.501468
-1.325842
-1.500342
-1.500289
-1.389963
-1.496477
-1.461327
-1.389657
-1.498547
-1.500547
-1.502767
-1.500996
-1.324342
-1.422601
-1.500119
-1.450512
-1.39896
-1.500966
-1.497861
-1.413405
-1.499048
-1.322724
-1.402808
-1.401802
-1.418306
-1.319937
-1.503208
-1.501735
-1.500641
-1.49942
-1.446004
-1.499903
-1.465502
-1.500138
-1.503472
-1.499121
-1.420786
-1.498283
-1.49698
-1.501236
-1.388891
-1.499331
-1.404389
-1.348332
-1.439376
-1.413788
-1.499172
-1.498483
-1.501085
-1.457277
-1.499387
-1.500087
-1.496515
-1.499792
-1.365989
-1.359817
-1.501777
-1.498521
-1.500038
-1.499438
-1.377657
-1.44216
-1.336235
-1.499135
-1.457635
-1.499584
-1.502101
-1.463309
-1.4509
-1.501459
-1.39471
-1.500963
-1.498522
-1.498428
-1.499374
-1.497993
-1.42396
-1.499494
-1.499771
-1.342549
-1.330565
-1.498651
-1.501101
-1.38793
-1.406878
-1.501048
-1.503535
-1.495908
-1.500582
-1.418884
-1.500586
-1.502955
-1.503914
-1.498334
-1.329909
-1.31509
-1.403777
-1.382716
-1.416214
-1.497345
-1.498035
-1.497905
-1.473892
-1.497236
-1.397625
-1.499549
-1.503289
-1.348096
-1.430315
-1.366334
-1.50163
-1.499352
-1.384768
-1.499065
-1.42543
-1.395748
-1.501719
-1.497427
-1.31815
-1.498673
-1.348002
-1.498737
-1.501501
-1.501165
-1.435046
-1.317507
-1.400958
-1.50055
-1.338358
-1.376947
-1.501953
-1.501744
-1.415469
-1.455759
-1.400846
-1.500642
-1.349862
-1.501302
-1.323616
-1.470755
-1.360301
-1.502432
-1.378591
-1.384337
-1.500262
-1.503188
-1.502518
-1.496876
-1.441222
-1.499145
-1.497209
-1.497619
-1.465406
-1.498388
-1.444385
-1.386269
-1.497914
-1.499773
-1.40906
-1.500864
-1.502851
-1.35748
-1.500238
-1.503233
-1.500363
-1.395443
-1.3882
-1.328878
-1.501293
-1.500317
-1.498841
-1.501618
-1.498414
-1.500535
-1.499173
-1.499679
-1.496618
-1.442847
-1.497413
-1.502602
-1.498454
-1.447817
-1.498448
-1.405162
-1.498569
-1.500336
-1.497033
-1.390635
-1.49996
-1.435076
-1.407438
-1.44367
-1.334345
-1.501316
-1.499175
-1.401274
-1.501992
-1.400643
-1.503847
-1.320297
-1.364781
-1.362225
-1.498925
-1.435034
-1.473364
-1.408682
-1.451896
-1.50349
-1.34577
-1.497029
-1.358947
-1.501803
-1.393021
-1.498876
-1.360129
-1.367479
-1.500281
-1.500352
-1.449109
-1.314858
-1.42346
-1.498704
-1.497973
-1.500114
-1.499362
-1.500035
-1.361269
-1.450702
-1.501864
-1.466447
-1.426566
-1.496468
-1.41302
-1.390952
-1.499366
-1.503731
-1.499424
-1.500753
-1.451043
-1.405154
-1.378552
-1.500507
-1.439905
-1.502169
-1.372345
-1.497338
-1.501089
-1.499056
-1.501951
-1.418026
-1.499755
-1.50067
-1.440878
-1.499619
-1.499926
-1.497707
-1.500571
-1.497031
-1.501496
-1.498371
-1.500207
-1.501548
-1.50004
-1.43579
-1.499885
-1.498183
-1.499889
-1.496516
-1.462077
-1.500987
-1.501777
-1.500596
-1.502165
-1.499677
-1.497225
-1.49956
-1.501199
-1.391087
-1.499701
-1.341075
-1.379841
-1.497444
-1.501677
-1.333824
-1.379171
-1.502025
-1.499748
-1.330695
-1.38621
-1.499036
-1.498889
-1.498597
-1.442861
-1.417468
-1.50199
-1.500597
-1.499669
-1.462112
-1.402334
-1.501238
-1.318297
-1.460864
-1.420254
-1.449334
-1.499494
-1.500301
-1.497486
-1.436691
-1.49778
-1.498053
-1.499834
-1.458708
-1.499417
-1.497169
-1.497296
-1.353092
-1.419888
-1.500461
-1.497782
-1.422575
-1.499628
-1.41492
-1.504535
-1.498819
-1.505719
-1.499631
-1.502813
-1.499935
-1.499844
-1.442031
-1.318836
-1.501177
-1.455383
-1.502427
-1.498978
-1.501837
-1.411294
-1.500058
-1.378037
-1.498157
-1.419715
-1.500483
-1.49925
-1.499789
-1.502975
-1.49921
-1.437761
-1.440617
-1.502746
-1.417071
-1.443535
-1.499975
-1.500008
-1.497929
-1.445263
-1.435289
-1.439253
-1.498978
-1.340499
-1.499372
-1.496961
-1.429855
-1.497472
-1.499452
-1.500387
-1.500313
-1.396203
-1.495426
-1.499136
-1.402584
-1.495809
-1.497928
-1.500792
-1.499732
-1.500925
-1.498398
-1.502034
-1.499324
-1.500211
-1.500744
-1.501284
-1.401525
-1.502929
-1.500794
-1.40872
-1.458253
-1.50299
-1.45663
-1.504146
-1.501427
-1.424104
-1.503958
-1.499674
-1.497703
-1.501245
-1.502172
-1.501312
-1.339721
-1.498445
-1.499034
-1.501575
-1.499654
-1.500883
-1.498684
-1.501649
-1.375229
-1.407031
-1.419765
-1.501523
-1.354953
-1.499281
-1.500464
-1.500268
-1.446466
-1.327985
-1.500047
-1.439405
-1.499246
-1.501227
-1.498309
-1.503995
-1.327015
-1.329274
-1.502353
-1.50125
-1.437018
-1.502981
-1.502499
-1.50019
-1.326944
-1.497591
-1.502103
-1.31563
-1.503727
-1.447625
-1.499027
-1.44369
-1.398759
-1.330472
-1.499781
-1.500447
-1.464041
-1.498057
-1.326985
-1.37457
-1.364512
-1.500679
-1.38084
-1.38938
-1.500491
-1.41884
-1.497417
-1.500511
-1.502284
-1.500272
-1.49566
-1.337258
-1.499107
-1.352859
-1.5008
-1.46172
-1.401724
-1.458353
-1.501552
-1.50002
-1.403156
-1.330075
-1.459939
-1.403208
-1.449648
-1.499672
-1.42594
-1.498983
-1.37675
-1.501505
-1.401059
-1.501443
-1.351048
-1.5022
-1.500387
-1.502266
-1.348936
-1.496374
-1.49971
-1.501277
-1.502377
-1.473846
-1.461566
-1.499422
-1.502612
-1.34054
-1.434719
-1.427066
-1.498125
-1.503361
-1.496629
-1.431249
-1.412476
-1.503538
-1.498963
-1.499909
-1.497136
-1.464822
-1.499269
-1.501562
-1.403269
-1.500492
-1.462099
-1.470195
-1.501958
-1.498309
-1.430321
-1.498956
-1.361444
-1.498625
-1.427229
-1.393133
-1.498171
-1.422669
-1.443009
-1.501651
-1.498593
-1.502851
-1.410805
-1.388582
-1.500405
-1.50188
-1.500748
-1.499198
-1.499704
-1.271319
-1.497902
-1.479907
-1.498662
-1.50033
-1.435007
-1.356077
-1.498531
-1.500861
-1.50246
-1.502178
-1.432751
-1.427482
-1.499803
-1.413683
-1.352969
-1.45032
-1.499024
-1.499772
-1.499241
-1.499152
-1.430781
-1.459514
-1.499354
-1.50124
-1.505631
-1.413502
-1.499079
-1.501835
-1.497944
-1.501883
-1.415946
-1.502816
-1.450531
-1.49815
-1.499658
-1.464788
-1.501887
-1.457393
-1.499006
-1.500766
-1.443571
-1.500272
-1.500743
-1.50263
-1.500287
-1.498465
-1.501681
-1.504136
-1.455202
-1.500871
-1.499531
-1.497283
-1.502039
-1.445689
-1.467356
-1.497871
-1.369171
-1.496626
-1.320312
-1.403132
-1.498301
-1.446829
-1.502957
-1.352834
-1.503126
-1.499876
-1.502361
-1.498608
-1.496493
-1.501875
-1.498845
-1.498305
-1.502266
-1.499585
-1.500703
-1.434943
-1.33392
-1.351875
-1.394015
-1.501014
-1.505487
-1.427391
-1.499752
-1.500244
-1.501927
-1.429117
-1.499735
-1.497466
-1.445573
-1.500418
-1.453866
-1.378788
-1.343284
-1.348172
-1.497684
-1.49593
-1.49991
-1.503716
-1.450318
-1.498752
-1.497819
-1.498803
-1.41819
-1.498823
-1.498845
-1.392835
-1.501544
-1.498013
-1.49851
-1.389813
-1.501652
-1.454662
-1.362669
-1.497951
-1.42183
-1.498845
-1.498045
-1.499507
-1.500596
-1.317045
-1.500311
-1.499371
-1.434664
-1.461337
-1.444264
-1.437496
-1.498955
-1.501031
-1.424793
-1.40695
-1.444466
-1.341636
-1.501141
-1.417592
-1.499298
-1.423059
-1.499676
-1.499223
-1.476781
-1.411687
-1.499384
-1.458881
-1.499644
-1.375824
-1.46119
-1.501021
-1.502077
-1.499179
-1.329095
-1.498861
-1.471511
-1.344609
-1.443425
-1.496795
-1.498522
-1.498069
-1.498467
-1.501106
-1.501582
-1.501148
-1.498273
-1.31882
-1.444787
-1.502701
-1.499944
-1.500897
-1.501647
-1.408079
-1.502359
-1.320393
-1.498678
-1.498114
-1.500983
-1.498253
-1.499286
-1.500261
-1.497823
-1.505572
-1.320778
-1.499401
-1.503344
-1.499337
-1.49859
-1.497593
-1.445866
-1.397268
-1.498981
-1.499885
-1.498203
-1.387203
-1.340977
-1.500759
-1.501428
-1.499322
-1.499335
-1.501393
-1.500122
-1.410362
-1.502746
-1.500828
-1.420377
-1.436175
-1.358518
-1.448629
-1.498984
-1.5008
-1.50067
-1.500766
-1.503118
-1.420253
-1.400914
-1.453881
-1.317053
-1.446214
-1.498875
-1.49954
-1.499645
-1.372868
-1.5005
-1.498838
-1.392181
-1.501011
-1.501501
-1.499691
-1.357036
-1.499626
-1.460513
-1.427528
-1.427424
-1.499497
-1.394391
-1.500178
-1.497509
-1.49787
-1.498827
-1.49865
-1.497384
-1.501488
-1.369341
-1.497995
-1.498221
-1.444267
-1.498034
-1.502172
-1.50164
-1.413948
-1.343894
-1.464412
-1.499673
-1.5
-1.405091
-1.495725
-1.503035
-1.501722
-1.50181
-1.417314
-1.500057
-1.440514
-1.502427
-1.501173
-1.369131
-1.502331
-1.454869
-1.501255
-1.373831
-1.372911
-1.501702
-1.445859
-1.498627
-1.497997
-1.498889
-1.500503
-1.497476
-1.32812
-1.498919
-1.501221
-1.498504
-1.364232
-1.50069
-1.498533
-1.380679
-1.446351
-1.453678
-1.500992
-1.499039
-1.50036
-1.500224
-1.500896
-1.407344
-1.501626
-1.499582
-1.500357
-1.502369
-1.369431
-1.415346
-1.497948
-1.500534
-1.444383
-1.502262
-1.50278
-1.404561
-1.500202
-1.460676
-1.332244
-1.497236
-1.319541
-1.502396
-1.356319
-1.441996
-1.41091
-1.503474
-1.415044
-1.498532
-1.501957
-1.45305
-1.323728
-1.417684
-1.40916
-1.497453
-1.500274
-1.435211
-1.502217
-1.457578
-1.505013
-1.501454
-1.499323
-1.322002
-1.499543
-1.447641
-1.501178
-1.322389
-1.498939
-1.459385
-1.460822
-1.41888
-1.50065
-1.496861
-1.501577
-1.500329
-1.341974
-1.400561
-1.466166
-1.501543
-1.425178
-1.49913
-1.468829
-1.434957
-1.499954
-1.40809
-1.325634
-1.501752
-1.49854
-1.499135
-1.434056
-1.432919
-1.498638
-1.44132
-1.392299
-1.499984
-1.499562
-1.416328
-1.501876
-1.498104
-1.498946
-1.499916
-1.498817
-1.393077
-1.50201
-1.500985
-1.429732
-1.499589
-1.408629
-1.500384
-1.421524
-1.388727
-1.424897
-1.380261
-1.504665
-1.436614
-1.500571
-1.350657
-1.45603
-1.502331
-1.498435
-1.420076
-1.497348
-1.502689
-1.420915
-1.363494
-1.41105
-1.500944
-1.49864
-1.404774
-1.498122
-1.499859
-1.498251
-1.501665
-1.498363
-1.413807
-1.498751
-1.500491
-1.501417
-1.500665
-1.499201
-1.501605
-1.499042
-1.377
-1.443165
-1.503778
-1.497596
-1.469166
-1.460458
-1.454713
-1.456484
-1.499453
-1.501461
-1.361966
-1.500569
-1.41688
-1.503146
-1.333826
-1.498334
-1.35337
-1.500897
-1.498606
-1.500614
-1.500146
-1.500231
-1.443747
-1.498823
-1.503298
-1.454425
-1.501225
-1.498689
-1.330862
-1.501049
-1.444586
-1.469221
-1.455426
-1.503065
-1.499432
-1.395985
-1.326502
-1.327053
-1.377357
-1.338996
-1.498147
-1.442346
-1.499155
-1.458198
-1.457781
-1.31785
-1.504739
-1.428671
-1.501421
-1.438225
-1.451782
-1.501022
-1.501783
-1.499954
-1.497967
-1.357137
-1.374398
-1.408116
-1.496363
-1.49872
-1.501428
-1.504417
-1.498369
-1.500288
-1.500259
-1.355137
-1.419729
-1.496648
-1.501475
-1.50422
-1.414637
-1.457229
-1.41164
-1.401413
-1.319415
-1.414486
-1.413367
-1.499594
-1.501971
-1.499051
-1.502731
-1.502732
-1.499795
-1.499892
-1.497659
-1.367784
-1.498963
-1.500387
-1.449038
-1.504086
-1.494977
-1.364754
-1.501578
-1.500079
-1.31965
-1.499071
-1.467174
-1.499772
-1.501501
-1.499315
-1.501663
-1.500458
-1.500732
-1.391436
-1.400768
-1.500694
-1.498928
-1.497705
-1.499813
-1.498314
-1.503579
-1.384559
-1.501551
-1.367059
-1.412198
-1.504253
-1.434307
-1.499695
-1.498346
-1.498996
-1.502112
-1.497157
-1.499168
-1.316019
-1.387207
-1.500921
-1.499725
-1.361967
-1.498977
-1.499415
-1.420888
-1.501578
-1.497316
-1.315903
-1.497749
-1.392021
-1.32955
-1.392526
-1.500207
-1.319697
-1.499604
-1.4985
-1.500779
-1.50301
-1.389347
-1.495873
-1.501325
-1.503311
-1.432017
-1.500799
-1.497258
-1.422531
-1.501283
-1.501131
-1.329285
-1.437153
-1.432532
-1.393123
-1.499242
-1.501177
-1.500805
-1.32076
-1.447141
-1.405208
-1.502232
-1.322713
-1.500383
-1.501177
-1.315664
-1.499712
-1.392042
-1.441978
-1.501274
-1.454945
-1.500135
-1.498046
-1.443307
-1.408629
-1.439599
-1.377179
-1.466593
-1.501378
-1.365379
-1.498086
-1.403217
-1.498359
-1.502381
-1.374453
-1.502572
-1.497499
-1.381783
-1.497836
-1.501507
-1.498755
-1.501078
-1.500922
-1.499373
-1.500472
-1.406188
-1.50134
-1.420951
-1.344725
-1.501044
-1.497828
-1.499055
-1.377182
-1.452506
-1.501894
-1.500179
-1.458209
-1.499001
-1.364717
-1.497593
-1.47164
-1.496738
-1.357042
-1.426054
-1.499445
-1.500465
-1.389256
-1.500734
-1.348204
-1.501549
-1.501528
-1.499127
-1.328412
-1.470045
-1.319326
-1.502114
-1.499699
-1.500812
-1.450776
-1.380161
-1.431915
-1.499515
-1.500123
-1.364101
-1.498019
-1.395789
-1.498719
-1.498483
-1.415709
-1.409205
-1.497472
-1.471415
-1.388648
-1.499524
-1.50255
-1.443502
-1.499994
-1.499415
-1.498656
-1.449899
-1.415156
-1.500845
-1.49942
-1.337801
-1.361665
-1.502122
-1.499979
-1.387036
-1.456538
-1.500393
-1.457913
-1.343939
-1.462777
-1.452633
-1.467667
-1.498609
-1.497798
-1.500265
-1.438087
-1.451213
-1.496965
-1.499447
-1.385294
-1.496689
-1.503749
-1.49792
-1.369219
-1.38026
-1.499532
-1.498778
-1.498744
-1.502543
-1.479945
-1.500304
-1.498072
-1.497765
-1.500396
-1.43979
-1.461957
-1.500531
-1.437966
-1.42325
-1.50038
-1.43519
-1.360631
-1.498918
-1.497714
-1.500427
-1.420017
-1.342392
-1.496983
-1.420397
-1.496843
-1.500412
-1.498978
-1.500098
-1.432703
-1.500512
-1.468814
-1.500664
-1.500283
-1.452521
-1.501192
-1.502209
-1.424221
-1.427042
-1.49755
-1.498136
-1.357816
-1.456541
-1.411767
-1.499055
-1.495645
-1.499913
-1.375176
-1.454157
-1.499985
-1.496449
-1.497086
-1.501503
-1.382458
-1.393941
-1.501919
-1.497516
-1.418628
-1.499586
-1.503082
-1.457999
-1.499069
-1.499474
-1.499413
-1.458072
-1.498867
-1.374262
-1.444988
-1.500908
-1.498946
-1.498126
-1.435899
-1.412493
-1.498739
-1.502947
-1.498366
-1.500542
-1.50104
-1.453934
-1.44622
-1.449741
-1.501787
-1.451123
-1.38552
-1.366356
-1.498794
-1.502527
-1.440749
-1.44418
-1.413595
-1.500207
-1.400422
-1.501291
-1.499937
-1.464099
-1.498
-1.390503
-1.497484
-1.317651
-1.498652
-1.501012
-1.49855
-1.501781
-1.324008
-1.499576
-1.500943
-1.462495
-1.498041
-1.49884
-1.381767
-1.496375
-1.503062
-1.504683
-1.499945
-1.500708
-1.501906
-1.502252
-1.500678
-1.370558
-1.415532
-1.498185
-1.499683
-1.503999
-1.501572
-1.330496
-1.501395
-1.365288
-1.369769
-1.498429
-1.427925
-1.433196
-1.500105
-1.393532
-1.368629
-1.409745
-1.457322
-1.455439
-1.478092
-1.430342
-1.499189
-1.500012
-1.502204
-1.499671
-1.498697
-1.427642
-1.50244
-1.50281
-1.500769
-1.49884
-1.411198
-1.39109
-1.496913
-1.498526
-1.500315
-1.500014
-1.498291
-1.5024
-1.500471
-1.383347
-1.496733
-1.499974
-1.498626
-1.496514
-1.474468
-1.406446
-1.502832
-1.500566
-1.49767
-1.498675
-1.500133
-1.498362
-1.50022
-1.499061
-1.498664
-1.500132
-1.318568
-1.496548
-1.419323
-1.448439
-1.499394
-1.499857
-1.501237
-1.499727
-1.433466
-1.380542
-1.494987
-1.441235
-1.503183
-1.496496
-1.397945
-1.500019
-1.399895
-1.501862
-1.466528
-1.503987
-1.44164
-1.500408
-1.501969
-1.500987
-1.50171
-1.396595
-1.359115
-1.439845
-1.500451
-1.360218
-1.499162
-1.459016
-1.49845
-1.500924
-1.428397
-1.496064
-1.348584
-1.332241
-1.378319
-1.451803
-1.416403
-1.441834
-1.4994
-1.495592
-1.501683
-1.408564
-1.500686
-1.422449
-1.386219
-1.497218
-1.499218
-1.501188
-1.393305
-1.498844
-1.384354
-1.501698
-1.397258
-1.498777
-1.502728
-1.435107
-1.452452
-1.501692
-1.461127
-1.499128
-1.44705
-1.501257
-1.421742
-1.498501
-1.500158
-1.453355
-1.32101
-1.341186
-1.503076
-1.501397
-1.500938
-1.501141
-1.439594
-1.38788
-1.498312
-1.408531
-1.496693
-1.503433
-1.500285
-1.498911
-1.500664
-1.458328
-1.337877
-1.360256
-1.453885
-1.497916
-1.499216
-1.496464
-1.50199
-1.390348
-1.500052
-1.501139
-1.500492
-1.499832
-1.501052
-1.31965
-1.398885
-1.501371
-1.496394
-1.501284
-1.398372
-1.341151
-1.373142
-1.500442
-1.499702
-1.49844
-1.499829
-1.501612
-1.37307
-1.297432
-1.395289
-1.497434
-1.501499
-1.498538
-1.500522
-1.427205
-1.439507
-1.499979
-1.394816
-1.315987
-1.43438
-1.499754
-1.498717
-1.425136
-1.424197
-1.402469
-1.50054
-1.382605
-1.403777
-1.428224
-1.465671
-1.462646
-1.404527
-1.383729
-1.45401
-1.420387
-1.317634
-1.372138
-1.499666
-1.318289
-1.500687
-1.376546
-1.335474
-1.498694
-1.499411
-1.459246
-1.498352
-1.442046
-1.392093
-1.499743
-1.343808
-1.43856
-1.504149
-1.446224
-1.500275
-1.336802
-1.404294
-1.358128
-1.50266
-1.369471
-1.355579
-1.500971
-1.496232
-1.398285
-1.499455
-1.499812
-1.499645
-1.406109
-1.502657
-1.504318
-1.500521
-1.500052
-1.393045
-1.496742
-1.501645
-1.387512
-1.498147
-1.497888
-1.40782
-1.501955
-1.500243
-1.502721
-1.502099
-1.499494
-1.410879
-1.500764
-1.459152
-1.404637
-1.504255
-1.340727
-1.501017
-1.454356
-1.500912
-1.5008
-1.49894
-1.501761
-1.362478
-1.497267
-1.417043
-1.352179
-1.499863
-1.448453
-1.503443
-1.503439
-1.407483
-1.453669
-1.405472
-1.504504
-1.500886
-1.383633
-1.429391
-1.500824
-1.462467
-1.498125
-1.500893
-1.497552
-1.500723
-1.496436
-1.42144
-1.445651
-1.429108
-1.500503
-1.44703
-1.501404
-1.321067
-1.365335
-1.404083
-1.500412
-1.498317
-1.400744
-1.45807
-1.50135
-1.390916
-1.410629
-1.49948
-1.459823
-1.502251
-1.503675
-1.499488
-1.498129
-1.454184
-1.500338
-1.501538
-1.496834
-1.390594
-1.498959
-1.496379
-1.501399
-1.501567
-1.404817
-1.376196
-1.418235
-1.464601
-1.45266
-1.511663
-1.498809
-1.498404
-1.500776
-1.497504
-1.499726
-1.499899
-1.441338
-1.495502
-1.497389
-1.498162
-1.499116
-1.497847
-1.390882
-1.500786
-1.498569
-1.498714
-1.500669
-1.352952
-1.379084
-1.443475
-1.502295
-1.503145
-1.500754
-1.501027
-1.498686
-1.420107
-1.499206
-1.37024
-1.405314
-1.497293
-1.430204
-1.500515
-1.502093
-1.371923
-1.502721
-1.497908
-1.501442
-1.498121
-1.320192
-1.498923
-1.496175
-1.500399
-1.499588
-1.500877
-1.500319
-1.500284
-1.500084
-1.378312
-1.499083
-1.50019
-1.50238
-1.368892
-1.501546
-1.437516
-1.396208
-1.500356
-1.32472
-1.498343
-1.499442
-1.418609
-1.500628
-1.498199
-1.319945
-1.411891
-1.450226
-1.320993
-1.500808
-1.498617
-1.321127
-1.497437
-1.445833
-1.498444
-1.435285
-1.500678
-1.498942
-1.499107
-1.469126
-1.500909
-1.499173
-1.451145
-1.445621
-1.498679
-1.498786
-1.501101
-1.390059
-1.450477
-1.372094
-1.404366
-1.468888
-1.497525
-1.387005
-1.49753
-1.448309
-1.501521
-1.501253
-1.500835
-1.499872
-1.451872
-1.318677
-1.440713
-1.503016
-1.500326
-1.464356
-1.501952
-1.462502
-1.501462
-1.379561
-1.445662
-1.50402
-1.498336
-1.503962
-1.500776
-1.368108
-1.499824
-1.502588
-1.501125
-1.501646
-1.437536
-1.430651
-1.382621
-1.412825
-1.502248
-1.362112
-1.500819
-1.502266
-1.43211
-1.500063
-1.320663
-1.498456
-1.379758
-1.498871
-1.460345
-1.395618
-1.500045
-1.499346
-1.498148
-1.415058
-1.497346
-1.416565
-1.376277
-1.451012
-1.322029
-1.380791
-1.50316
-1.475357
-1.400414
-1.497011
-1.326731
-1.376876
-1.503358
-1.504977
-1.497674
-1.372457
-1.503466
-1.502259
-1.405962
-1.500176
-1.501762
-1.501779
-1.499694
-1.428
-1.498739
-1.501797
-1.357516
-1.501779
-1.496826
-1.390135
-1.459166
-1.433181
-1.457481
-1.40435
-1.499198
-1.425147
-1.498439
-1.401838
-1.498149
-1.386632
-1.501933
-1.498328
-1.498335
-1.368002
-1.427243
-1.499071
-1.318478
-1.499191
-1.415387
-1.443577
-1.500442
-1.324083
-1.458733
-1.499133
-1.499316
-1.404222
-1.496978
-1.436232
-1.448743
-1.355343
-1.500787
-1.498279
-1.50038
-1.49705
-1.499641
-1.443234
-1.353158
-1.502358
-1.500025
-1.321124
-1.448706
-1.332298
-1.420748
-1.439515
-1.497693
-1.423797
-1.501201
-1.421037
-1.459001
-1.498546
-1.49825
-1.498306
-1.445402
-1.498986
-1.500596
-1.372801
-1.427298
-1.501286
-1.408981
-1.497225
-1.352719
-1.501028
-1.460833
-1.499812
-1.498429
-1.50213
-1.499923
-1.37342
-1.358986
-1.49792
-1.498624
-1.42591
-1.49756
-1.498452
-1.390239
-1.500478
-1.391397
-1.499238
-1.501991
-1.321321
-1.502282
-1.500209
-1.499251
-1.430268
-1.414516
-1.499351
-1.501311
-1.407762
-1.500278
-1.499209
-1.501846
-1.500987
-1.50068
-1.503615
-1.40261
-1.497392
-1.500722
-1.422327
-1.315603
-1.499949
-1.498255
-1.501894
-1.499179
-1.500032
-1.504097
-1.502023
-1.347531
-1.423668
-1.497826
-1.498436
-1.355101
-1.499681
-1.497557
-1.435304
-1.499865
-1.498895
-1.383727
-1.502127
-1.49945
-1.499464
-1.375602
-1.501254
-1.499697
-1.498469
-1.49795
-1.451554
-1.391091
-1.498392
-1.498991
-1.502225
-1.434893
-1.500745
-1.49981
-1.504711
-1.499764
-1.369094
-1.499092
-1.412174
-1.457578
-1.499075
-1.372422
-1.382907
-1.501221
-1.321917
-1.501164
-1.499412
-1.498861
-1.499285
-1.501222
-1.349518
-1.50109
-1.313432
-1.500961
-1.499865
-1.408116
-1.484976
-1.498808
-1.501713
-1.502975
-1.328325
-1.394093
-1.502501
-1.404694
-1.443739
-1.499976
-1.499985
-1.500863
-1.447257
-1.440213
-1.38871
-1.499284
-1.498935
-1.499965
-1.499288
-1.498035
-1.498882
-1.395868
-1.5009
-1.359777
-1.497005
-1.384017
-1.49982
-1.460493
-1.499749
-1.323445
-1.498457
-1.501218
-1.503048
-1.45614
-1.35235
-1.500172
-1.377646
-1.498838
-1.483084
-1.456053
-1.469939
-1.389815
-1.425383
-1.499081
-1.499432
-1.326843
-1.317819
-1.499727
-1.498356
-1.410519
-1.503289
-1.497257
-1.501896
-1.496047
-1.497681
-1.49965
-1.318883
-1.495903
-1.499502
-1.469532
-1.402076
-1.499746
-1.498303
-1.50023
-1.497541
-1.497915
-1.423321
-1.500799
-1.396632
-1.500124
-1.44258
-1.382355
-1.500251
-1.497758
-1.463053
-1.471199
-1.381608
-1.319974
-1.49546
-1.501171
-1.384363
-1.320409
-1.49854
-1.503914
-1.496376
-1.50089
-1.400349
-1.442111
-1.496988
-1.499779
-1.500987
-1.501245
-1.502194
-1.500369
-1.50101
-1.500881
-1.42148
-1.500812
-1.497407
-1.499913
-1.500602
-1.396224
-1.499598
-1.383568
-1.499131
-1.500822
-1.4014
-1.502211
-1.479492
-1.446883
-1.319084
-1.497156
-1.499907
-1.366221
-1.395258
-1.416254
-1.384626
-1.398396
-1.502562
-1.403137
-1.333755
-1.498578
-1.324757
-1.501288
-1.502125
-1.502182
-1.381084
-1.497304
-1.500011
-1.50222
-1.401083
-1.341666
-1.39415
-1.498392
-1.432637
-1.500887
-1.440567
-1.452064
-1.432137
-1.501493
-1.419406
-1.498962
-1.436608
-1.433764
-1.37735
-1.374889
-1.496686
-1.387228
-1.49941
-1.388308
-1.456975
-1.443768
-1.430593
-1.498313
-1.46579
-1.497799
-1.500112
-1.502112
-1.400483
-1.498025
-1.500103
-1.501444
-1.498537
-1.40107
-1.350857
-1.451825
-1.420893
-1.396358
-1.499802
-1.497732
-1.374957
-1.50116
-1.500332
-1.387286
-1.431841
-1.349156
-1.393791
-1.50106
-1.411839
-1.502373
-1.341364
-1.441642
-1.498897
-1.426979
-1.499317
-1.439918
-1.446062
-1.502814
-1.502577
-1.501647
-1.414544
-1.499261
-1.499754
-1.415175
-1.457887
-1.351577
-1.501766
-1.500848
-1.49729
-1.504195
-1.504242
-1.474337
-1.40499
-1.501021
-1.501161
-1.498899
-1.435798
-1.402071
-1.500843
-1.501109
-1.498655
-1.497873
-1.49978
-1.462397
-1.49907
-1.395727
-1.497779
-1.499012
-1.499581
-1.499575
-1.393099
-1.498481
-1.406652
-1.498746
-1.500537
-1.500013
-1.355335
-1.500651
-1.497831
-1.504222
-1.499926
-1.500065
-1.375289
-1.439556
-1.504549
-1.391872
-1.49877
-1.501081
-1.50186
-1.499737
-1.500989
-1.499924
-1.496954
-1.501757
-1.499696
-1.451727
-1.501447
-1.395264
-1.400027
-1.433608
-1.426548
-1.331686
-1.451988
-1.453784
-1.498607
-1.432786
-1.317393
-1.501386
-1.4981
-1.389724
-1.498635
-1.499856
-1.326297
-1.437788
-1.425748
-1.498364
-1.434267
-1.494847
-1.499551
-1.317448
-1.499632
-1.376751
-1.400338
-1.497405
-1.384719
-1.50122
-1.499916
-1.499476
-1.423603
-1.500337
-1.355956
-1.499446
-1.387719
-1.445459
-1.498396
-1.37714
-1.347745
-1.50175
-1.50069
-1.501764
-1.316897
-1.500263
-1.426023
-1.501343
-1.402933
-1.502114
-1.501014
-1.499242
-1.369836
-1.354229
-1.465872
-1.448691
-1.499958
-1.36787
-1.501515
-1.499043
-1.500245
-1.499468
-1.501513
-1.501939
-1.422709
-1.498178
-1.5011
-1.417115
-1.502409
-1.333834
-1.445234
-1.359815
-1.448167
-1.457952
-1.501724
-1.503502
-1.433295
-1.498571
-1.41782
-1.382159
-1.50283
-1.499923
-1.443236
-1.499144
-1.497263
-1.500448
-1.501173
-1.502046
-1.389407
-1.499096
-1.497465
-1.3985
-1.50367
-1.32082
-1.500746
-1.500683
-1.327099
-1.498797
-1.497446
-1.41396
-1.436345
-1.359612
-1.501563
-1.432268
-1.501363
-1.502112
-1.349391
-1.461303
-1.501624
-1.497799
-1.501773
-1.501053
-1.49943
-1.499693
-1.502755
-1.345893
-1.499893
-1.501247
-1.503276
-1.437539
-1.498897
-1.498071
-1.320842
-1.500593
-1.500641
-1.500195
-1.49965
-1.503809
-1.500449
-1.405266
-1.499656
-1.500914
-1.472519
-1.447406
-1.428366
-1.389038
-1.500422
-1.417202
-1.499662
-1.425248
-1.404179
-1.498323
-1.498834
-1.360972
-1.501455
-1.501305
-1.502466
-1.501682
-1.500222
-1.343483
-1.419254
-1.382327
-1.396575
-1.501606
-1.500259
-1.410284
-1.501311
-1.497347
-1.317713
-1.498724
-1.380326
-1.500565
-1.500548
-1.502909
-1.498604
-1.443959
-1.403671
-1.43719
-1.500753
-1.503029
-1.465702
-1.475428
-1.496448
-1.320218
-1.500657
-1.498856
-1.500764
-1.498243
-1.494641
-1.501742
-1.344373
-1.500733
-1.30389
-1.430616
-1.358359
-1.498124
-1.502189
-1.465032
-1.470819
-1.502371
-1.414925
-1.499526
-1.499436
-1.500199
-1.499006
-1.452053
-1.372062
-1.497253
-1.368197
-1.405237
-1.501466
-1.499189
-1.499308
-1.320232
-1.496235
-1.448762
-1.351171
-1.432266
-1.379345
-1.320642
-1.44449
-1.340565
-1.498214
-1.458315
-1.49771
-1.500668
-1.500495
-1.499813
-1.498555
-1.320658
-1.500567
-1.424709
-1.502955
-1.50138
-1.497409
-1.500816
-1.500322
-1.495883
-1.49991
-1.461292
-1.41282
-1.499075
-1.500274
-1.35959
-1.497965
-1.498962
-1.497453
-1.501707
-1.499214
-1.49826
-1.498669
-1.402211
-1.498408
-1.500407
-1.500342
-1.446448
-1.498729
-1.438284
-1.50227
-1.428049
-1.448448
-1.498023
-1.500105
-1.500596
-1.371791
-1.500802
-1.461783
-1.435599
-1.500875
-1.497035
-1.437248
-1.500293
-1.364689
-1.431416
-1.499762
-1.501228
-1.496666
-1.500986
-1.392786
-1.501728
-1.496635
-1.39471
-1.498931
-1.502565
-1.470916
-1.42336
-1.454077
-1.431796
-1.500814
-1.499875
-1.437079
-1.499822
-1.500085
-1.501048
-1.50052
-1.501871
-1.501093
-1.501952
-1.469572
-1.50169
-1.499118
-1.433215
-1.318827
-1.503329
-1.341108
-1.425268
-1.502816
-1.301097
-1.500239
-1.498301
-1.500586
-1.34611
-1.381687
-1.500753
-1.503325
-1.451694
-1.346769
-1.500241
-1.442233
-1.50023
-1.381945
-1.429511
-1.503873
-1.431015
-1.353747
-1.335572
-1.422249
-1.499695
-1.502063
-1.43319
-1.316407
-1.423074
-1.360173
-1.50091
-1.499231
-1.500577
-1.34966
-1.461199
-1.43859
-1.502244
-1.501132
-1.499908
-1.500584
-1.501053
-1.500798
-1.31896
-1.456812
-1.409299
-1.31955
-1.499772
-1.501886
-1.500857
-1.500529
-1.499788
-1.364647
-1.360355
-1.502902
-1.501483
-1.387895
-1.497787
-1.500431
-1.461482
-1.499292
-1.467345
-1.331248
-1.499536
-1.393734
-1.499376
-1.496608
-1.496944
-1.500314
-1.500341
-1.499708
-1.499855
-1.502034
-1.499769
-1.502193
-1.498647
-1.441559
-1.393265
-1.338487
-1.499722
-1.498647
-1.329665
-1.393227
-1.393667
-1.372321
-1.496999
-1.455537
-1.457982
-1.499363
-1.498945
-1.500045
-1.497014
-1.498663
-1.496238
-1.434141
-1.354917
-1.428948
-1.500254
-1.433329
-1.411648
-1.502802
-1.500504
-1.448878
-1.442478
-1.371786
-1.498943
-1.501353
-1.358228
-1.378043
-1.500779
-1.499881
-1.501101
-1.500124
-1.498178
-1.364575
-1.343685
-1.501021
-1.475617
-1.422722
-1.436867
-1.496706
-1.326434
-1.499793
-1.503641
-1.356589
-1.499321
-1.499326
-1.50112
-1.411814
-1.432953
-1.499145
-1.451571
-1.498712
-1.452977
-1.500228
-1.499266
-1.442897
-1.495446
-1.503074
-1.339401
-1.468357
-1.456145
-1.502026
-1.501714
-1.50059
-1.500722
-1.503644
-1.498045
-1.411283
-1.503287
-1.434743
-1.318353
-1.348662
-1.445688
-1.34493
-1.43883
-1.497985
-1.442959
-1.498794
-1.373206
-1.447527
-1.499045
-1.450094
-1.498534
-1.409708
-1.322671
-1.500842
-1.316432
-1.500554
-1.379215
-1.499002
-1.500842
-1.350862
-1.376717
-1.446203
-1.407469
-1.452962
-1.499718
-1.449677
-1.334696
-1.501711
-1.500966
-1.503359
-1.382495
-1.450167
-1.502198
-1.502221
-1.451593
-1.503565
-1.435938
-1.502804
-1.499622
-1.49914
-1.464159
-1.438403
-1.317651
-1.499664
-1.497701
-1.502098
-1.4984
-1.500767
-1.462452
-1.501029
-1.404663
-1.498846
-1.497723
-1.501258
-1.453968
-1.499753
-1.437652
-1.501274
-1.499323
-1.412985
-1.423485
-1.357662
-1.498409
-1.50054
-1.386915
-1.427494
-1.500416
-1.387538
-1.501383
-1.500703
-1.496801
-1.499626
-1.437623
-1.500493
-1.498541
-1.499622
-1.499237
-1.498774
-1.494852
-1.445322
-1.438395
-1.498771
-1.419581
-1.499424
-1.407451
-1.440648
-1.50017
-1.499832
-1.500442
-1.501178
-1.393397
-1.501902
-1.376542
-1.498953
-1.50179
-1.437211
-1.385291
-1.387796
-1.499636
-1.434188
-1.416137
-1.49894
-1.498512
-1.500451
-1.496981
-1.504709
-1.359903
-1.501374
-1.499318
-1.417196
-1.499667
-1.502576
-1.405598
-1.498731
-1.425241
-1.499874
-1.501514
-1.354228
-1.501164
-1.499391
-1.500031
-1.450388
-1.501807
-1.359423
-1.503207
-1.376203
-1.501148
-1.461019
-1.358951
-1.499014
-1.502369
-1.42402
-1.498961
-1.501433
-1.501971
-1.500132
-1.320246
-1.441376
-1.318921
-1.499429
-1.499223
-1.501892
-1.391337
-1.500485
-1.319356
-1.502205
-1.362906
-1.403817
-1.379343
-1.498886
-1.501751
-1.498695
-1.499393
-1.411992
-1.502974
-1.392324
-1.390164
-1.472084
-1.498062
-1.401841
-1.387592
-1.498334
-1.499753
-1.500754
-1.450528
-1.498175
-1.455441
-1.501843
-1.50176
-1.420412
-1.498741
-1.501274
-1.50015
-1.453804
-1.498523
-1.320444
-1.500972
-1.500525
-1.499533
-1.368183
-1.499557
-1.499731
-1.318056
-1.499398
-1.500214
-1.368426
-1.500419
-1.436087
-1.499127
-1.502703
-1.500237
-1.419227
-1.500766
-1.499346
-1.410371
-1.449695
-1.49924
-1.500349
-1.498137
-1.354565
-1.475146
-1.501541
-1.501439
-1.411851
-1.319852
-1.499028
-1.402643
-1.497258
-1.501196
-1.503497
-1.377806
-1.464027
-1.441697
-1.498465
-1.499931
-1.410255
-1.318621
-1.501686
-1.502083
-1.501014
-1.4325
-1.500249
-1.468875
-1.453278
-1.324535
-1.36525
-1.477963
-1.497354
-1.3792
-1.499487
-1.324869
-1.499718
-1.394063
-1.42907
-1.498163
-1.412612
-1.498896
-1.497774
-1.501165
-1.499242
-1.502686
-1.499642
-1.501654
-1.427078
-1.429186
-1.505716
-1.501332
-1.501948
-1.498829
-1.499424
-1.424445
-1.360155
-1.337924
-1.317195
-1.501491
-1.428957
-1.502268
-1.496633
-1.50586
-1.50034
-1.459204
-1.497347
-1.499457
-1.50071
-1.389216
-1.365496
-1.40191
-1.500547
-1.499031
-1.498121
-1.413563
-1.424911
-1.504974
-1.499749
-1.430904
-1.500281
-1.449103
-1.500106
-1.437447
-1.439632
-1.499484
-1.317637
-1.497947
-1.500477
-1.501959
-1.41168
-1.500764
-1.501777
-1.500386
-1.501764
-1.499997
-1.497535
-1.499152
-1.498736
-1.501555
-1.498381
-1.49978
-1.50278
-1.497484
-1.501538
-1.502484
-1.425125
-1.329813
-1.405015
-1.50079
-1.499606
-1.496542
-1.499401
-1.498116
-1.498342
-1.5001
-1.501862
-1.373167
-1.439244
-1.371802
-1.5019
-1.439765
-1.499353
-1.501457
-1.5041
-1.499344
-1.50211
-1.364929
-1.373755
-1.497292
-1.495458
-1.4984
-1.440112
-1.498805
-1.497348
-1.347442
-1.499568
-1.383088
-1.441185
-1.499812
-1.400971
-1.420522
-1.496023
-1.497885
-1.500783
-1.364905
-1.33502
-1.49841
-1.459979
-1.498913
-1.496459
-1.443216
-1.472838
-1.399289
-1.322064
-1.382004
-1.495138
-1.498064
-1.502773
-1.500501
-1.503046
-1.501679
-1.502555
-1.501904
-1.501127
-1.499455
-1.446292
-1.4983
-1.502871
-1.45498
-1.403564
-1.50063
-1.425739
-1.499856
-1.458822
-1.497741
-1.499744
-1.426499
-1.499597
-1.496224
-1.458079
-1.498627
-1.497378
-1.379977
-1.336252
-1.501575
-1.422
-1.435343
-1.420517
-1.499998
-1.501183
-1.498288
-1.501224
-1.424494
-1.502292
-1.500336
-1.501196
-1.500353
-1.49269
-1.320095
-1.459484
-1.371577
-1.503308
-1.49934
-1.438779
-1.35015
-1.442155
-1.357508
-1.501812
-1.503008
-1.498151
-1.50095
-1.44697
-1.388801
-1.325751
-1.440874
-1.500487
-1.500619
-1.497124
-1.501147
-1.500435
-1.430118
-1.456063
-1.503782
-1.501007
-1.498349
-1.497412
-1.498732
-1.497376
-1.501352
-1.499658
-1.500183
-1.334309
-1.502517
-1.501181
-1.501671
-1.443148
-1.353359
-1.317567
-1.500666
-1.502109
-1.501031
-1.363437
-1.500479
-1.499477
-1.500302
-1.501323
-1.504441
-1.319113
-1.414274
-1.414487
-1.376109
-1.501326
-1.431775
-1.411715
-1.377363
-1.503613
-1.49813
-1.479038
-1.403953
-1.438149
-1.501316
-1.421538
-1.50349
-1.499345
-1.499046
-1.432403
-1.460587
-1.502661
-1.498951
-1.501694
-1.499881
-1.49757
-1.424316
-1.417638
-1.395843
-1.440477
-1.321197
-1.499203
-1.497904
-1.342314
-1.49597
-1.500176
-1.498395
-1.420863
-1.442772
-1.495823
-1.499011
-1.503365
-1.357348
-1.328798
-1.323036
-1.34997
-1.377127
-1.498047
-1.50028
-1.498202
-1.499214
-1.362275
-1.498067
-1.501884
-1.5027
-1.49868
-1.495917
-1.500809
-1.378461
-1.366444
-1.367039
-1.449478
-1.498134
-1.339089
-1.497361
-1.37483
-1.356878
-1.340485
-1.406794
-1.419478
-1.500714
-1.371484
-1.371002
-1.458826
-1.49922
-1.326589
-1.503589
-1.498012
-1.462509
-1.501094
-1.439356
-1.501129
-1.405904
-1.403263
-1.500039
-1.502866
-1.409004
-1.49967
-1.457452
-1.500622
-1.503305
-1.453544
-1.321617
-1.432268
-1.499925
-1.501459
-1.498759
-1.500589
-1.420044
-1.379699
-1.500537
-1.498336
-1.500077
-1.386237
-1.500383
-1.401449
-1.500157
-1.50047
-1.406326
-1.500224
-1.495467
-1.436409
-1.49986
-1.498562
-1.321542
-1.501975
-1.50139
-1.499107
-1.320693
-1.397421
-1.502323
-1.498969
-1.464121
-1.419271
-1.428312
-1.50225
-1.498868
-1.399248
-1.498046
-1.498167
-1.499967
-1.319863
-1.45735
-1.498979
-1.440055
-1.500072
-1.440474
-1.499518
-1.498533
-1.502853
-1.501864
-1.496107
-1.437984
-1.500233
-1.405633
-1.50138
-1.429626
-1.50004
-1.503032
-1.498751
-1.501023
-1.500435
-1.39488
