-1.436980419
-1.473040109
-1.457292307
-1.446495782
-1.503321335
-1.436408309
-1.499882798
-1.499935938
-1.492313541
-1.499931756
-1.500036004
-1.500010673
-1.499971489
-1.442925603
-1.499964873
-1.43089303
-1.489848326
-1.445662162
-1.500036132
-1.499913306
-1.419963689
-1.496119211
-1.396973482
-1.4846138
-1.500123932
-1.499975271
-1.500095151
-1.500071221
-1.500018038
-1.500050025
-1.49988149
-1.496272342
-1.499999471
-1.499967301
-1.403802789
-1.499913189
-1.436054854
-1.499981989
-1.456455507
-1.50002212
-1.319584444
-1.500001474
-1.499988436
-1.479904725
-1.484571132
-1.499123333
-1.499963087
-1.439698119
-1.470756358
-1.474182621
-1.453001094
-1.49990765
-1.499952731
-1.488817427
-1.395027832
-1.499999877
-1.49028277
-1.499876524
-1.418999151
-1.500007931
-1.499982772
-1.397646805
-1.499947461
-1.442327207
-1.500074943
-1.499991119
-1.500101541
-1.499937655
-1.500012942
-1.499952152
-1.499976661
-1.453678222
-1.500087361
-1.35760327
-1.499881973
-1.499995284
-1.499956361
-1.427662483
-1.356313637
-1.499978277
-1.499956032
-1.499920107
-1.499949614
-1.386138618
-1.500054864
-1.499995993
-1.50008759
-1.500163444
-1.500044068
-1.500113192
-1.450587726
-1.499951029
-1.499975371
-1.473852295
-1.405068969
-1.448785353
-1.500099698
-1.500144968
-1.499964523
-1.499935867
-1.500003821
-1.483483872
-1.499963762
-1.341372484
-1.499969644
-1.496946912
-1.363452363
-1.400481353
-1.49800039
-1.500025949
-1.499891133
-1.500208521
-1.499999059
-1.499978753
-1.397293678
-1.49997874
-1.499918208
-1.451572976
-1.499967925
-1.500005951
-1.499910939
-1.414012021
-1.500020567
-1.500086144
-1.444573998
-1.487536567
-1.453924145
-1.500105812
-1.499903827
-1.499922886
-1.499992607
-1.499991611
-1.499998257
-1.50008106
-1.499942001
-1.424145886
-1.5261887
-1.358361374
-1.500130129
-1.499951465
-1.467066239
-1.35824989
-1.500035283
-1.49015574
-1.499922477
-1.499902648
-1.500003717
-1.490098629
-1.496296414
-1.499925661
-1.504715528
-1.499965894
-1.500018044
-1.450007003
-1.50009856
-1.498726805
-1.421364965
-1.500042396
-1.500033658
-1.496434831
-1.500038111
-1.500068682
-1.483146554
-1.451868793
-1.499915326
-1.490870798
-1.438427839
-1.444794004
-1.49994507
-1.482236693
-1.31796758
-1.460884933
-1.500028336
-1.403605742
-1.479657527
-1.500011206
-1.500083874
-1.475720339
-1.500050895
-1.499994054
-1.499956734
-1.500039795
-1.430887473
-1.492275547
-1.499990822
-1.500011515
-1.492287933
-1.500037208
-1.499942793
-1.381538733
-1.484165835
-1.373631446
-1.429397495
-1.499898654
-1.499991978
-1.500022835
-1.500080315
-1.500089523
-1.499870559
-1.43664175
-1.499996693
-1.432979664
-1.500037387
-1.500010275
-1.49148616
-1.362278595
-1.417662739
-1.500002918
-1.49996439
-1.499967883
-1.49273636
-1.500128858
-1.499986732
-1.499980886
-1.500038206
-1.499936271
-1.499937679
-1.418456067
-1.500005225
-1.500075767
-1.499993837
-1.49990409
-1.499950679
-1.499935729
-1.499838112
-1.499963202
-1.452503642
-1.460303524
-1.500089118
-1.499942395
-1.499954912
-1.499942694
-1.405201959
-1.500069875
-1.461591468
-1.467439122
-1.500078539
-1.500056685
-1.499968826
-1.499993102
-1.452608935
-1.499945422
-1.500039206
-1.430186124
-1.500026646
-1.491045661
-1.336704549
-1.455011304
-1.500029813
-1.487833766
-1.490475131
-1.500025348
-1.499921277
-1.495718199
-1.499895546
-1.49573575
-1.461286731
-1.500063526
-1.445659256
-1.500074272
-1.471385215
-1.499939251
-1.435991858
-1.414094722
-1.500078261
-1.394864085
-1.475335448
-1.499932934
-1.500006741
-1.499953428
-1.500004072
-1.500065395
-1.393645208
-1.500013211
-1.416183507
-1.500079807
-1.492626178
-1.42819306
-1.482802036
-1.499961317
-1.499938433
-1.49996808
-1.500141773
-1.500014945
-1.499997435
-1.389469109
-1.499647303
-1.494112431
-1.338660932
-1.428525815
-1.500015034
-1.500113747
-1.499937563
-1.500099624
-1.499877977
-1.406560697
-1.500053508
-1.500078385
-1.393645043
-1.429815571
-1.39811018
-1.500042332
-1.441239187
-1.519015439
-1.340346836
-1.500030536
-1.500034207
-1.327463457
-1.500047805
-1.49999514
-1.490401279
-1.500047742
-1.377075105
-1.499923018
-1.438889305
-1.49995376
-1.497278949
-1.500008574
-1.500074049
-1.499952403
-1.500014911
-1.352382723
-1.499977306
-1.500033086
-1.47264047
-1.431291962
-1.500048194
-1.496705652
-1.500004261
-1.50000926
-1.464108651
-1.45192622
-1.34841693
-1.499900067
-1.485442973
-1.334872464
-1.50006904
-1.500030699
-1.421836319
-1.499973486
-1.499972368
-1.509948092
-1.468440621
-1.499989961
-1.376189327
-1.456543488
-1.500238652
-1.435583753
-1.499902827
-1.500075614
-1.500018065
-1.437886814
-1.500069817
-1.365750932
-1.499960883
-1.4999235
-1.374477079
-1.499993211
-1.500019692
-1.492768146
-1.433904081
-1.496449175
-1.419222974
-1.492938214
-1.432174624
-1.499981467
-1.434907452
-1.483591071
-1.49994316
-1.486544478
-1.445822372
-1.500018494
-1.461043089
-1.498138484
-1.499949632
-1.500062668
-1.50002695
-1.494956031
-1.455351774
-1.419387874
-1.4605963
-1.458637945
-1.441704856
-1.500035666
-1.497024799
-1.500018079
-1.471203821
-1.41204861
-1.40729797
-1.452913021
-1.499914262
-1.496671919
-1.500082335
-1.448137627
-1.493672362
-1.499934659
-1.49990285
-1.473561788
-1.500035813
-1.420548029
-1.495167817
-1.499945468
-1.500004166
-1.488341647
-1.437331792
-1.439105027
-1.499931573
-1.486076138
-1.50005047
-1.49996737
-1.500110661
-1.451792044
-1.42047098
-1.486194783
-1.500065193
-1.500060719
-1.458733414
-1.499996989
-1.500051554
-1.43013369
-1.500026646
-1.500016305
-1.500040779
-1.499952282
-1.500013061
-1.488525413
-1.500151445
-1.499964468
-1.500087857
-1.443207635
-1.500011339
-1.499916017
-1.415115297
-1.500087606
-1.428637164
-1.527145042
-1.499965206
-1.499986521
-1.50005632
-1.464450908
-1.505467389
-1.383754179
-1.500052937
-1.49999828
-1.500042991
-1.500041593
-1.499974365
-1.500042927
-1.455296115
-1.500009654
-1.499947648
-1.499951849
-1.499916997
-1.500015926
-1.500019061
-1.50000032
-1.477911526
-1.476474948
-1.500017993
-1.49994705
-1.499953783
-1.429228917
-1.500065074
-1.423350165
-1.470260405
-1.382941982
-1.369910438
-1.499974738
-1.50002752
-1.499892464
-1.500091904
-1.500008568
-1.469431265
-1.4999629
-1.499918153
-1.500003068
-1.420618316
-1.49997195
-1.500006633
-1.499790789
-1.425808386
-1.499926836
-1.500041115
-1.500089533
-1.499995474
-1.500093922
-1.500050985
-1.499943767
-1.40084646
-1.481286234
-1.499964609
-1.489758362
-1.49570238
-1.367221016
-1.437107761
-1.48606118
-1.500008584
-1.474901939
-1.410622657
-1.499960933
-1.500017281
-1.478637838
-1.471658867
-1.499981074
-1.500084271
-1.499957526
-1.49998462
-1.482021138
-1.455647798
-1.500043694
-1.499953165
-1.500044668
-1.460998125
-1.350602707
-1.500070847
-1.469217439
-1.475593835
-1.487151437
-1.499996633
-1.409804845
-1.50000962
-1.492363827
-1.500062464
-1.448433116
-1.435457669
-1.500022623
-1.460929094
-1.387746906
-1.499990294
-1.500047225
-1.499960926
-1.484539708
-1.499956814
-1.49992769
-1.500107184
-1.500019724
-1.500120231
-1.461242766
-1.499983385
-1.500003125
-1.481159285
-1.500040622
-1.52580572
-1.500040734
-1.496841825
-1.391823156
-1.500027925
-1.476195031
-1.386387011
-1.500007759
-1.500059861
-1.499998311
-1.500316711
-1.499960336
-1.464106769
-1.500090794
-1.499974738
-1.500014816
-1.454194661
-1.402852549
-1.393844454
-1.489387444
-1.352089263
-1.478056697
-1.499972008
-1.499927619
-1.447460519
-1.500095625
-1.44559961
-1.415625246
-1.499927424
-1.499876205
-1.499872243
-1.389689487
-1.481504761
-1.500016795
-1.499955486
-1.342036032
-1.497092268
-1.500045298
-1.499978389
-1.361645907
-1.500053959
-1.500097564
-1.435905281
-1.499960436
-1.499973491
-1.352904876
-1.385632869
-1.470078637
-1.49648224
-1.50005762
-1.397893871
-1.429353513
-1.500057909
-1.401557627
-1.499977762
-1.422920584
-1.499910019
-1.468960058
-1.500000657
-1.499989045
-1.500073866
-1.500105975
-1.500015515
-1.480946385
-1.500068894
-1.50009406
-1.456246271
-1.361056136
-1.499981934
-1.470571518
-1.448135672
-1.500028608
-1.444870835
-1.500016056
-1.499977117
-1.386226518
-1.499926898
-1.499958642
-1.498558629
-1.499987054
-1.499911345
-1.498338217
-1.416089849
-1.403239831
-1.50000635
-1.382395489
-1.500116148
-1.324155187
-1.499997999
-1.500048976
-1.499993937
-1.499915247
-1.502044069
-1.499807418
-1.486597477
-1.49997599
-1.499999953
-1.499986509
-1.481421166
-1.437885243
-1.499981938
-1.499965205
-1.316629094
-1.470073744
-1.41740623
-1.499945869
-1.500022687
-1.491873216
-1.499958875
-1.499894586
-1.499983207
-1.500046671
-1.499973914
-1.499893818
-1.50008335
-1.499962835
-1.500030571
-1.500036941
-1.499990973
-1.425412619
-1.500000865
-1.500042581
-1.500190407
-1.490299535
-1.500033722
-1.499943357
-1.449446411
-1.49990641
-1.386156378
-1.499978849
-1.422799792
-1.500081543
-1.500059396
-1.499987331
-1.499897152
-1.492570603
-1.499970815
-1.499999019
-1.499991817
-1.500134749
-1.500022348
-1.500058334
-1.500028961
-1.426500701
-1.459575504
-1.507705893
-1.499979099
-1.499921433
-1.499950603
-1.499996681
-1.523422493
-1.471857277
-1.424283432
-1.500008116
-1.499918462
-1.50008244
-1.500037443
-1.499955152
-1.500043276
-1.500024024
-1.496407764
-1.499957295
-1.47250653
-1.380791076
-1.508860064
-1.500038903
-1.500066544
-1.50456894
-1.500022131
-1.499977637
-1.500058399
-1.486830747
-1.499986872
-1.499991754
-1.500111292
-1.500044837
-1.499945225
-1.489918575
-1.49999115
-1.499892156
-1.425747639
-1.500062075
-1.499990799
-1.500044939
-1.49992846
-1.500152927
-1.476291781
-1.500012849
-1.499944943
-1.500007365
-1.457687474
-1.483661448
-1.500014069
-1.518372249
-1.500099005
-1.475819069
-1.50001337
-1.455691272
-1.499907808
-1.500057323
-1.399753895
-1.499961311
-1.492268544
-1.499974932
-1.499955328
-1.499972865
-1.376007021
-1.492634925
-1.499910239
-1.500087951
-1.499977431
-1.486628438
-1.499895711
-1.496949793
-1.500029344
-1.473037941
-1.500004483
-1.438082366
-1.494684035
-1.499981726
-1.499988802
-1.475090047
-1.486776822
-1.499901836
-1.417318453
-1.431510462
-1.476059797
-1.419049145
-1.49995626
-1.376698062
-1.499994216
-1.499961191
-1.44924291
-1.499963859
-1.500037061
-1.500015395
-1.53114793
-1.500024735
-1.467315095
-1.500020191
-1.499972368
-1.493557093
-1.373838382
-1.500090614
-1.499974587
-1.500089181
-1.455329144
-1.499967071
-1.361710449
-1.499992399
-1.499916017
-1.499929887
-1.499884876
-1.474380168
-1.500044595
-1.462557379
-1.369551132
-1.500090259
-1.499937353
-1.45010544
-1.406557442
-1.499916832
-1.499969622
-1.493927546
-1.500045417
-1.500089549
-1.499970217
-1.501976012
-1.500061362
-1.5000001
-1.465600793
-1.500108334
-1.500032519
-1.405599053
-1.498645318
-1.453333238
-1.45769842
-1.486606987
-1.499999341
-1.500074423
-1.189114899
-1.413070467
-1.49992851
-1.499962756
-1.480471447
-1.499995148
-1.463802168
-1.500036782
-1.500095156
-1.45565715
-1.349830531
-1.500088919
-1.425913731
-1.452612765
-1.500072503
-1.401998192
-1.439800886
-1.477309168
-1.462874863
-1.499995299
-1.500012557
-1.398949319
-1.499968537
-1.368910132
-1.447572134
-1.397535812
-1.38070372
-1.499985713
-1.499881841
-1.452610646
-1.499914935
-1.499955507
-1.500044747
-1.476303528
-1.397297052
-1.467894755
-1.500062505
-1.390439754
-1.499975806
-1.500069586
-1.47034219
-1.476229595
-1.50000572
-1.500060565
-1.497906343
-1.499927181
-1.497195061
-1.477247897
-1.415940589
-1.440999374
-1.50003805
-1.447944569
-1.50002658
-1.403278923
-1.499996088
-1.500090317
-1.500055577
-1.451555832
-1.499968153
-1.357719093
-1.500001425
-1.500054756
-1.499968121
-1.443831441
-1.455053098
-1.499955687
-1.453140953
-1.436365066
-1.47817815
-1.50002608
-1.50011308
-1.500004344
-1.500016154
-1.419609967
-1.499916288
-1.500079936
-1.499974958
-1.32130599
-1.476778
-1.430768265
-1.499970935
-1.499935126
-1.500064027
-1.500015326
-1.50004325
-1.50000659
-1.499996482
-1.437997649
-1.499997589
-1.467926367
-1.499942516
-1.499977001
-1.496806833
-1.500057901
-1.50004839
-1.500187
-1.500033806
-1.499981528
-1.491218185
-1.500202486
-1.418006229
-1.500012137
-1.500103343
-1.499981496
-1.500007809
-1.405418018
-1.499982622
-1.50000471
-1.499983848
-1.380721044
-1.461533896
-1.498664212
-1.494519621
-1.500149824
-1.500071499
-1.355565153
-1.500029418
-1.500046497
-1.499921147
-1.499936983
-1.50002816
-1.507710354
-1.500090167
-1.490400615
-1.499985033
-1.489628295
-1.500087219
-1.499971
-1.513697323
-1.4999526
-1.371798453
-1.506833759
-1.499973094
-1.484775849
-1.438404096
-1.500039147
-1.499966681
-1.459510629
-1.500158685
-1.486592706
-1.499872927
-1.499972831
-1.466066039
-1.500026369
-1.50006669
-1.499988911
-1.499943475
-1.499935389
-1.412795172
-1.440619343
-1.499877896
-1.500027962
-1.50009927
-1.502623483
-1.500030898
-1.499895583
-1.430834918
-1.50000992
-1.463071919
-1.49999974
-1.500028338
-1.499895234
-1.500026729
-1.500038804
-1.445948851
-1.500070707
-1.483289249
-1.499896871
-1.499994855
-1.499923062
-1.500034117
-1.500061869
-1.499965066
-1.477750266
-1.49996219
-1.494578384
-1.499891188
-1.487345243
-1.499972937
-1.505894606
-1.500067137
-1.431059586
-1.500050099
-1.499990083
-1.499929593
-1.499957669
-1.499956499
-1.500048594
-1.500058043
-1.499973572
-1.499976315
-1.499978293
-1.501340828
-1.499911543
-1.494359277
-1.499954614
-1.500005506
-1.499996211
-1.500005749
-1.499896746
-1.428071922
-1.498938771
-1.500044552
-1.500005551
-1.481194863
-1.499925372
-1.436820943
-1.474665385
-1.500144819
-1.40522661
-1.499998801
-1.500056309
-1.500084759
-1.454693421
-1.43632586
-1.500058695
-1.500004582
-1.500012463
-1.500058873
-1.499982063
-1.415538099
-1.415688871
-1.361883181
-1.499983847
-1.466868678
-1.500016574
-1.499970395
-1.499965716
-1.498988427
-1.499889237
-1.390124274
-1.500028731
-1.500003268
-1.370394619
-1.500032011
-1.499943911
-1.431843645
-1.500022552
-1.489610413
-1.500020123
-1.49447913
-1.500007879
-1.49993368
-1.500023958
-1.406767912
-1.392848894
-1.491632674
-1.500007101
-1.500026134
-1.503652269
-1.499971702
-1.500145922
-1.443488294
-1.499978415
-1.499983689
-1.390167499
-1.528213681
-1.499937259
-1.435962285
-1.499933525
-1.500005552
-1.333018716
-1.500051614
-1.369957423
-1.47362143
-1.430870644
-1.466148898
-1.472069525
-1.387400174
-1.499974721
-1.38339221
-1.44443802
-1.451899433
-1.457503336
-1.499928636
-1.495235002
-1.499975474
-1.494510653
-1.456799943
-1.495910448
-1.50002888
-1.500045122
-1.468337086
-1.500005153
-1.500033556
-1.500014829
-1.500047829
-1.496060516
-1.500026184
-1.500012729
-1.499951317
-1.499906247
-1.379799922
-1.499841453
-1.499994496
-1.499898931
-1.418793171
-1.499931088
-1.477246397
-1.500010835
-1.378579867
-1.500096925
-1.480773295
-1.499994711
-1.500129398
-1.499953324
-1.50000588
-1.500110207
-1.491924369
-1.499983996
-1.485446108
-1.397605895
-1.450078852
-1.500018268
-1.431175304
-1.499999386
-1.500013036
-1.499980995
-1.357279492
-1.500044599
-1.45067012
-1.433839481
-1.499972758
-1.500017618
-1.51453447
-1.500033977
-1.499997261
-1.343344277
-1.40998708
-1.500100011
-1.499967216
-1.499981826
-1.49861541
-1.469038707
-1.50006894
-1.490335582
-1.500029085
-1.499933933
-1.499880123
-1.499978525
-1.499986343
-1.500119556
-1.499916108
-1.49994521
-1.437326737
-1.459451143
-1.50002947
-1.500040341
-1.443321076
-1.446627122
-1.499958772
-1.41665887
-1.453536426
-1.500069967
-1.455566092
-1.500036887
-1.384274826
-1.499985373
-1.49997744
-1.415031319
-1.500006158
-1.50003592
-1.500093938
-1.500057936
-1.384093616
-1.415254709
-1.499906167
-1.444013866
-1.440302175
-1.381207504
-1.499994391
-1.411552663
-1.462959244
-1.499944952
-1.500021122
-1.499934794
-1.500019278
-1.500155019
-1.500041607
-1.43842715
-1.499978213
-1.321121658
-1.500050457
-1.427363434
-1.322072054
-1.473204262
-1.497988174
-1.500016121
-1.49997038
-1.499929148
-1.408200689
-1.49999339
-1.402777106
-1.499900728
-1.499982258
-1.499978502
-1.449777437
-1.500075013
-1.488353212
-1.500071059
-1.499952009
-1.41143011
-1.391350481
-1.500094474
-1.499953738
-1.500003896
-1.374360163
-1.499963485
-1.500043142
-1.508360849
-1.499873574
-1.49994155
-1.499968764
-1.500033778
-1.36693446
-1.457260641
-1.419110335
-1.499988497
-1.499979375
-1.500065736
-1.500018097
-1.404361358
-1.500020992
-1.499992121
-1.49993667
-1.404242026
-1.500033072
-1.433740932
-1.499962227
-1.499999664
-1.490639961
-1.500010045
-1.499034382
-1.499891764
-1.499962903
-1.393914092
-1.499962199
-1.366461618
-1.500062762
-1.500010259
-1.499980482
-1.499993371
-1.494843762
-1.499963069
-1.49995184
-1.431880172
-1.453598544
-1.491772517
-1.500023839
-1.44487005
-1.477501768
-1.488420666
-1.446211034
-1.435369927
-1.499963246
-1.477387362
-1.50000409
-1.499948988
-1.500031282
-1.499975663
-1.421590706
-1.467676651
-1.329161422
-1.49995817
-1.499993719
-1.50000724
-1.500042268
-1.457520617
-1.473980469
-1.529364029
-1.434357361
-1.496682466
-1.499992572
-1.499988217
-1.487425476
-1.499919133
-1.499984976
-1.499941068
-1.499916763
-1.500073864
-1.461672729
-1.499942003
-1.455442676
-1.515583739
-1.500109687
-1.482550368
-1.33527122
-1.499799392
-1.500003218
-1.500001529
-1.500008227
-1.499982739
-1.499907701
-1.500085648
-1.459656155
-1.49993024
-1.460931645
-1.499982423
-1.500047452
-1.500005802
-1.500071419
-1.498337237
-1.336354213
-1.499963617
-1.500055699
-1.500004926
-1.491758289
-1.49996405
-1.499904255
-1.480551027
-1.500072861
-1.499934917
-1.499985921
-1.500019604
-1.499962324
-1.494979082
-1.416076412
-1.481378263
-1.499943356
-1.440801587
-1.379620582
-1.499882678
-1.499966965
-1.500014095
-1.499943749
-1.487360921
-1.499994039
-1.390330182
-1.499985027
-1.500118151
-1.500031036
-1.467771107
-1.5000648
-1.500023616
-1.475714409
-1.482637132
-1.499931788
-1.436906201
-1.499949015
-1.4614095
-1.499957334
-1.467156309
-1.5000534
-1.499983172
-1.483623616
-1.468021266
-1.492739494
-1.443217043
-1.499862142
-1.330777226
-1.483490263
-1.500117299
-1.50003457
-1.437055852
-1.500019964
-1.499993189
-1.499894518
-1.50001645
-1.50008102
-1.448697087
-1.500117825
-1.499987244
-1.49999084
-1.421651452
-1.372214
-1.499928906
-1.483583772
-1.484706304
-1.499946597
-1.459946064
-1.50000566
-1.388976201
-1.500028708
-1.441278335
-1.500053611
-1.438796937
-1.512982329
-1.500016499
-1.367282149
-1.499938312
-1.47820031
-1.500046044
-1.49588798
-1.500012093
-1.499965433
-1.454517194
-1.499990569
-1.500018531
-1.499877182
-1.393163495
-1.500017459
-1.4999483
-1.499991544
-1.500004487
-1.500038928
-1.499985276
-1.499999787
-1.4040265
-1.481178955
-1.500041603
-1.499939395
-1.443735846
-1.394643898
-1.5000385
-1.49987387
-1.499963557
-1.441578656
-1.500122229
-1.500026671
-1.409355172
-1.500059013
-1.500019428
-1.499974044
-1.462272221
-1.500017154
-1.498341078
-1.417368164
-1.500045131
-1.499888402
-1.489419946
-1.49995492
-1.492189005
-1.500053171
-1.46514442
-1.500007026
-1.499947798
-1.485964408
-1.500073281
-1.50005632
-1.499979998
-1.428504154
-1.500072428
-1.499973873
-1.435243429
-1.500024553
-1.490886358
-1.500020837
-1.500016305
-1.41927627
-1.476545036
-1.500036484
-1.405779352
-1.499974898
-1.474787986
-1.4999593
-1.415829068
-1.468461277
-1.500002473
-1.499899013
-1.500042881
-1.464249098
-1.385014134
-1.500058993
-1.479921917
-1.471600899
-1.500116773
-1.500108266
-1.476450521
-1.500296123
-1.499948819
-1.499937432
-1.500011782
-1.339179208
-1.419997759
-1.500012759
-1.500023157
-1.475382375
-1.500046526
-1.500001446
-1.499942212
-1.430145289
-1.464650894
-1.489605922
-1.526327765
-1.489384318
-1.500091314
-1.404002214
-1.500015151
-1.499839609
-1.499948264
-1.499984728
-1.500083138
-1.475239297
-1.448051417
-1.499993522
-1.366590515
-1.421212526
-1.50000037
-1.49992552
-1.499948994
-1.499951311
-1.499977521
-1.384580527
-1.466261053
-1.453930694
-1.410198056
-1.499961393
-1.520342048
-1.487809385
-1.500048481
-1.499935989
-1.38126194
-1.499983569
-1.403175602
-1.446029151
-1.375177743
-1.499973171
-1.499989215
-1.499940022
-1.478206092
-1.500050547
-1.500035028
-1.43968068
-1.500123593
-1.499927238
-1.500040055
-1.500110599
-1.499996896
-1.499966915
-1.489345484
-1.40835286
-1.500019523
-1.499917877
-1.500147792
-1.489711295
-1.499923637
-1.500092572
-1.500034071
-1.499980763
-1.499957357
-1.428895065
-1.371617704
-1.500090147
-1.500025671
-1.485469793
-1.500026319
-1.499959827
-1.500027683
-1.499999917
-1.472423537
-1.499971185
-1.490077769
-1.499931192
-1.492929013
-1.499959165
-1.500058333
-1.499948007
-1.499990258
-1.500055681
-1.499978787
-1.404863423
-1.500123238
-1.499946839
-1.499986602
-1.500000486
-1.500012945
-1.497427183
-1.500066776
-1.490626114
-1.500009055
-1.49222737
-1.486125257
-1.500043811
-1.481404079
-1.500020189
-1.501336835
-1.499962199
-1.49999457
-1.491559857
-1.500040713
-1.499977268
-1.49995246
-1.395928613
-1.500008552
-1.394793928
-1.484493962
-1.500035069
-1.497043013
-1.499981381
-1.500013038
-1.439952919
-1.500009643
-1.459524663
-1.500017202
-1.500004917
-1.499933178
-1.500083356
-1.499881211
-1.500057718
-1.484514454
-1.499996147
-1.50001114
-1.500082334
-1.426599611
-1.500047023
-1.500112186
-1.432747738
-1.500073975
-1.496526497
-1.479867687
-1.409525543
-1.500030134
-1.500132069
-1.438495777
-1.500029495
-1.442981184
-1.499931559
-1.499962397
-1.497031449
-1.469898228
-1.47967982
-1.500048023
-1.499984711
-1.498849104
-1.500011301
-1.350695813
-1.433435446
-1.500051685
-1.499833959
-1.499966187
-1.442621789
-1.499982651
-1.499948534
-1.500059983
-1.500032375
-1.475709369
-1.472294753
-1.500073279
-1.500041482
-1.499905813
-1.498115581
-1.452740849
-1.446741046
-1.500096794
-1.500050722
-1.500072427
-1.500013247
-1.492112217
-1.499849346
-1.500019749
-1.500015523
-1.500137431
-1.451448822
-1.499923202
-1.500013321
-1.499999151
-1.500077305
-1.49991231
-1.390904034
-1.499919376
-1.493500182
-1.500019031
-1.500028451
-1.499952515
-1.500077981
-1.499989592
-1.494947625
-1.499880937
-1.500100739
-1.499991473
-1.499978832
-1.478535014
-1.475168522
-1.474520386
-1.499925217
-1.427925363
-1.389098537
-1.499923313
-1.450156653
-1.422362927
-1.500005129
-1.500076364
-1.466324483
-1.499920673
-1.368928215
-1.499966772
-1.500035228
-1.500067849
-1.50010797
-1.363468422
-1.499939459
-1.497970882
-1.48766685
-1.499951353
-1.500106589
-1.430428859
-1.500104171
-1.507634784
-1.500024559
-1.500069654
-1.46565619
-1.367736146
-1.467593902
-1.50001414
-1.500022911
-1.500080758
-1.384823255
-1.499932662
-1.50002231
-1.428308456
-1.499881707
-1.500043111
-1.500027159
-1.457923719
-1.44189609
-1.49993418
-1.441327784
-1.387840015
-1.499908013
-1.369828557
-1.500009962
-1.499957595
-1.500050456
-1.46231838
-1.500000579
-1.49994236
-1.499984549
-1.482940121
-1.500008749
-1.500027558
-1.500016066
-1.500069053
-1.496837554
-1.500089153
-1.478079443
-1.380786897
-1.5000471
-1.500087116
-1.496761398
-1.499940058
-1.496285864
-1.499877969
-1.500010425
-1.499928266
-1.377617187
-1.499997008
-1.499874547
-1.475941922
-1.438500891
-1.499981567
-1.500037246
-1.499934864
-1.333074407
-1.321868642
-1.500060419
-1.500141285
-1.493662634
-1.500040807
-1.499958879
-1.356550805
-1.500101649
-1.500052862
-1.436300775
-1.468826069
-1.499926169
-1.436820412
-1.438240315
-1.499944518
-1.499977152
-1.499971861
-1.323440731
-1.500083126
-1.492329122
-1.456719013
-1.500048932
-1.499950939
-1.419043671
-1.356503806
-1.500072021
-1.507943726
-1.500027438
-1.499871988
-1.499972714
-1.487326575
-1.47409637
-1.49999122
-1.49928251
-1.338009412
-1.499947217
-1.499954833
-1.499938862
-1.500014176
-1.441520609
-1.500104485
-1.499999367
-1.459200621
-1.482185898
-1.497913446
-1.410949229
-1.462805516
-1.49994965
-1.500091889
-1.499955287
-1.499931085
-1.500006064
-1.499998052
-1.402238383
-1.500026344
-1.499840096
-1.499952054
-1.445722474
-1.500008829
-1.500086392
-1.49997939
-1.420280935
-1.467674469
-1.500014382
-1.470047602
-1.435338643
-1.500030263
-1.498666885
-1.500033313
-1.500055027
-1.499922649
-1.455291823
-1.500018405
-1.499975206
-1.499955036
-1.500012625
-1.486835755
-1.499994444
-1.499986794
-1.477590821
-1.434370387
-1.499969852
-1.500032335
-1.500030272
-1.500078513
-1.499970252
-1.418253678
-1.499993019
-1.420647117
-1.500097357
-1.424385399
-1.500101082
-1.488573405
-1.500026988
-1.499910831
-1.500095348
-1.499945713
-1.499918988
-1.498087718
-1.50009632
-1.499960452
-1.376609156
-1.499952948
-1.500048641
-1.499892417
-1.434476979
-1.500012157
-1.50006321
-1.499989783
-1.428007568
-1.500028204
-1.481767374
-1.500126983
-1.499904426
-1.465544051
-1.499985654
-1.500076451
-1.499966927
-1.500004136
-1.500031998
-1.374323503
-1.482799058
-1.500017857
-1.500005852
-1.499965363
-1.447357602
-1.484367825
-1.493301231
-1.500036802
-1.456811252
-1.50001705
-1.526789517
-1.484622054
-1.411012088
-1.499999038
-1.499988608
-1.500091817
-1.500006337
-1.499951624
-1.500031619
-1.5000237
-1.500016918
-1.541220969
-1.472263496
-1.50007
-1.428003536
-1.499903562
-1.485514228
-1.500086652
-1.525976172
-1.50003192
-1.500016691
-1.500846719
-1.450947468
-1.441974267
-1.499993558
-1.499990812
-1.488078965
-1.410062493
-1.499878472
-1.499933125
-1.403920843
-1.42954232
-1.499962634
-1.499973078
-1.500083658
-1.499979977
-1.450601016
-1.500025529
-1.42893706
-1.499925145
-1.499943755
-1.470352859
-1.499943454
-1.372836316
-1.500033363
-1.497808246
-1.500053806
-1.500085133
-1.450271993
-1.500042081
-1.50005789
-1.517739263
-1.500057149
-1.5000134
-1.500025666
-1.500027409
-1.499899258
-1.49998618
-1.500004735
-1.500042236
-1.500034433
-1.500006432
-1.500028192
-1.343422248
-1.39157631
-1.451224634
-1.500008355
-1.500002457
-1.500012882
-1.500007822
-1.492113282
-1.471174338
-1.444791086
-1.499934635
-1.499977543
-1.407546041
-1.499893067
-1.499923622
-1.499984163
-1.499929381
-1.441214842
-1.49999035
-1.499965605
-1.49984436
-1.458891036
-1.486124581
-1.499997863
-1.499871001
-1.500025526
-1.451136682
-1.464950338
-1.500016762
-1.50002585
-1.445568338
-1.499970869
-1.499973265
-1.500012983
-1.500066176
-1.499986821
-1.499979461
-1.499918787
-1.499930988
-1.426024174
-1.397906304
-1.499968093
-1.500064501
-1.500021639
-1.436769133
-1.49998272
-1.499062239
-1.410684426
-1.416097911
-1.382084827
-1.403815819
-1.499977007
-1.406678559
-1.496740662
-1.499954372
-1.476541866
-1.500066216
-1.499974525
-1.500004691
-1.457397531
-1.474405589
-1.500023003
-1.480293085
-1.499935449
-1.346956107
-1.454452542
-1.50002197
-1.499899997
-1.500051706
-1.499981162
-1.500010696
-1.500030332
-1.498627327
-1.498337295
-1.413221549
-1.499962212
-1.488160578
-1.499849882
-1.499970308
-1.498158052
-1.469274448
-1.499938869
-1.50005647
-1.499973851
-1.499945297
-1.500049558
-1.459555661
-1.500025548
-1.50002401
-1.499963922
-1.499970128
-1.370624472
-1.453276079
-1.500061291
-1.485031984
-1.376615669
-1.499929326
-1.460845573
-1.439447486
-1.499929822
-1.500023846
-1.498177039
-1.499981725
-1.470810145
-1.49995269
-1.410901538
-1.500144033
-1.500135368
-1.493164401
-1.500048743
-1.391515183
-1.387700733
-1.49999247
-1.500048146
-1.398275209
-1.499982485
-1.335804015
-1.500042147
-1.241351053
-1.500073745
-1.427655547
-1.443735474
-1.500093779
-1.499996876
-1.500010553
-1.500061785
-1.500026503
-1.476410308
-1.499965906
-1.428327734
-1.499999067
-1.333520194
-1.499945141
-1.328833421
-1.492791016
-1.424792455
-1.400733317
-1.439014692
-1.364797166
-1.422140289
-1.49997941
-1.479117537
-1.500028884
-1.500028561
-1.510832656
-1.426250785
-1.485763793
-1.481401409
-1.485685338
-1.500037853
-1.499977452
-1.50006509
-1.429498997
-1.499953495
-1.500082595
-1.500055478
-1.499962737
-1.503533437
-1.500023903
-1.499993752
-1.403031968
-1.493009503
-1.499950409
-1.499969542
-1.499991785
-1.477553554
-1.467281865
-1.500123167
-1.499972522
-1.500006732
-1.499874096
-1.474153007
-1.374850485
-1.432311287
-1.500045498
-1.500006714
-1.497695311
-1.487283641
-1.500056575
-1.435310905
-1.500086891
-1.410436463
-1.321658629
-1.499979559
-1.460214977
-1.499967672
-1.421763148
-1.487227355
-1.49997407
-1.499996648
-1.499995342
-1.499959134
-1.500088655
-1.469805027
-1.489273676
-1.500060857
-1.499985904
-1.411776239
-1.408796221
-1.425277771
-1.500012332
-1.500019903
-1.336161915
-1.50004388
-1.499109755
-1.500018833
-1.500023798
-1.498378839
-1.500025926
-1.342649713
-1.433583954
-1.4140576
-1.499944893
-1.499960918
-1.492090268
-1.499971765
-1.419772454
-1.500021591
-1.499993888
-1.500039383
-1.500034281
-1.449556819
-1.499946514
-1.499916677
-1.499955359
-1.499939332
-1.372510835
-1.483639654
-1.500022135
-1.499948517
-1.500090869
-1.500020771
-1.500031895
-1.499968373
-1.502939802
-1.500066305
-1.500066993
-1.499869422
-1.499779409
-1.49997876
-1.422964953
-1.500073529
-1.499930449
-1.477864506
-1.453346575
-1.499959285
-1.499910832
-1.500015359
-1.500050977
-1.499752364
-1.500067446
-1.500034887
-1.4999906
-1.499938761
-1.499969847
-1.499950057
-1.358919046
-1.431295172
-1.49990045
-1.357704499
-1.500115317
-1.45796248
-1.422295513
-1.500010147
-1.500033634
-1.499904526
-1.497905728
-1.499916985
-1.500057925
-1.499908464
-1.435571519
-1.499960679
-1.499977513
-1.428474811
-1.500101899
-1.499952905
-1.500049449
-1.497198542
-1.500054907
-1.494799011
-1.499884871
-1.439331541
-1.480414039
-1.500010377
-1.363855282
-1.490311135
-1.500001818
-1.500056204
-1.500115743
-1.499917992
-1.455733802
-1.455836824
-1.410846876
-1.49992539
-1.49996431
-1.345026349
-1.454670173
-1.500003871
-1.50007449
-1.499894916
-1.500004728
-1.431357291
-1.499905367
-1.442834328
-1.478012659
-1.500059795
-1.500047403
-1.498554495
-1.460637437
-1.418380942
-1.500067172
-1.500024203
-1.499976851
-1.500016475
-1.36208878
-1.50002351
-1.486767841
-1.50007001
-1.388095065
-1.500049993
-1.499955468
-1.476270045
-1.333081236
-1.3947835
-1.455909869
-1.497894317
-1.500025903
-1.500088249
-1.466189365
-1.500094508
-1.481469273
-1.497006437
-1.34404076
-1.499997875
-1.500065427
-1.477676619
-1.500076898
-1.500098329
-1.426043881
-1.391363607
-1.350036729
-1.499981644
-1.343296225
-1.460533179
-1.500036017
-1.500028828
-1.500060415
-1.500054382
-1.49683734
-1.482898226
-1.500023589
-1.33124639
-1.500061276
-1.379720391
-1.50004008
-1.500025405
-1.500014098
-1.499994216
-1.50011834
-1.407315018
-1.499984531
-1.482009576
-1.500122179
-1.340963877
-1.500187526
-1.500060332
-1.494576398
-1.500007615
-1.500035038
-1.394991892
-1.500016002
-1.499997882
-1.500103987
-1.452772067
-1.378452219
-1.470949768
-1.438140452
-1.500103999
-1.499955086
-1.488657966
-1.510931534
-1.499906524
-1.500008159
-1.453487452
-1.486850693
-1.458161772
-1.409582118
-1.499950929
-1.499978272
-1.49257766
-1.412990693
-1.500040212
-1.499971203
-1.500069211
-1.49993771
-1.500058104
-1.499903645
-1.500037612
-1.416241466
-1.500020271
-1.499990185
-1.50003398
-1.499947913
-1.500019829
-1.500000485
-1.499965991
-1.500071983
-1.500088067
-1.49995959
-1.522271347
-1.499972263
-1.500026075
-1.500030914
-1.499998002
-1.466218357
-1.499945606
-1.43597296
-1.487538849
-1.500024293
-1.324069152
-1.500075338
-1.394611777
-1.499964815
-1.500066317
-1.502836315
-1.500009428
-1.499983217
-1.500025091
-1.379661267
-1.376084583
-1.460926313
-1.500065699
-1.434956906
-1.500037637
-1.499950818
-1.500041923
-1.471173404
-1.411063861
-1.432136604
-1.494617281
-1.451674397
-1.500162559
-1.4999311
-1.499959507
-1.469446917
-1.379031258
-1.433450949
-1.498147511
-1.499964256
-1.499951325
-1.499956362
-1.49447981
-1.500042556
-1.500020964
-1.499981202
-1.403369979
-1.330395617
-1.500038443
-1.452756578
-1.500054476
-1.50002953
-1.500043378
-1.499958919
-1.500048689
-1.47099572
-1.472256323
-1.40998819
-1.499991559
-1.434073527
-1.499984287
-1.473503533
-1.500015608
-1.500031359
-1.500028996
-1.490199191
-1.489278761
-1.414026327
-1.500050597
-1.426437309
-1.500010817
-1.499968037
-1.392844099
-1.390722031
-1.418963354
-1.354545697
-1.49990617
-1.374168749
-1.439468359
-1.499988544
-1.500017978
-1.515285956
-1.500097807
-1.500094686
-1.499935012
-1.456107679
-1.428086394
-1.500071367
-1.500022501
-1.499039925
-1.499998504
-1.327340962
-1.419264293
-1.431394077
-1.499982948
-1.398194803
-1.499905402
-1.499933983
-1.500024929
-1.49997217
-1.499979428
-1.499952638
-1.499856533
-1.490832353
-1.499957994
-1.500028585
-1.500066662
-1.436935649
-1.420318532
-1.472733901
-1.499972034
-1.480678464
-1.500010703
-1.441615047
-1.499953375
-1.458422367
-1.500072977
-1.493432276
-1.499996412
-1.423938769
-1.361952824
-1.347697469
-1.499955658
-1.499978925
-1.499943722
-1.499994732
-1.500006739
-1.503449137
-1.49996619
-1.437036216
-1.500003643
-1.403422011
-1.49995954
-1.500044134
-1.49371193
-1.499943906
-1.49840022
-1.500049598
-1.512313457
-1.500047369
-1.500035207
-1.356494708
-1.500109422
-1.499950411
-1.499959941
-1.424786874
-1.499958653
-1.500052404
-1.395182281
-1.39953078
-1.429691297
-1.4355629
-1.499954694
-1.497919911
-1.355292923
-1.499942931
-1.478513577
-1.439709323
-1.499875028
-1.500157841
-1.500012834
-1.421399547
-1.499994437
-1.500094785
-1.485865264
-1.500007319
-1.431576694
-1.500051037
-1.457735128
-1.500038544
-1.498442381
-1.500014474
-1.496588368
-1.404654194
-1.447011229
-1.500144203
-1.495946163
-1.499939261
-1.412331047
-1.423936295
-1.500026972
-1.500046847
-1.418094897
-1.499964536
-1.495281328
-1.499998887
-1.500042656
-1.499992118
-1.500022374
-1.500087463
-1.470697881
-1.499919108
-1.500010304
-1.499967412
-1.499870323
-1.387395298
-1.499951722
-1.49998014
-1.446773825
-1.349198539
-1.499973692
-1.499962352
-1.500023982
-1.500091959
-1.45500432
-1.50007727
-1.500027449
-1.500065071
-1.466897021
-1.500076806
-1.499930422
-1.500046299
-1.499930833
-1.499961884
-1.499945159
-1.474218713
-1.364446655
-1.471521173
-1.50002837
-1.39690661
-1.499999339
-1.499936285
-1.499974786
-1.482977786
-1.499980636
-1.499997971
-1.447499104
-1.50000094
-1.484590808
-1.425070554
-1.499922784
-1.499985572
-1.407356789
-1.500039224
-1.495659609
-1.500003112
-1.483718255
-1.500044609
-1.499832677
-1.499954443
-1.499988113
-1.499916448
-1.482219518
-1.484847326
-1.499892572
-1.500060644
-1.362805267
-1.511858827
-1.500052536
-1.346462773
-1.333281664
-1.499964027
-1.452584927
-1.42041669
-1.499916209
-1.296416271
-1.500000106
-1.500023896
-1.382313513
-1.499832418
-1.499962137
-1.499909433
-1.500013869
-1.500070097
-1.499988794
-1.499995147
-1.500022804
-1.500039972
-1.499973235
-1.489519461
-1.38342577
-1.442613965
-1.500001662
-1.479785586
-1.481978877
-1.426652635
-1.499936765
-1.376263947
-1.420246653
-1.499971604
-1.491039864
-1.444920399
-1.499974105
-1.499999066
-1.420828789
-1.385227674
-1.499957396
-1.500034809
-1.463062446
-1.499981271
-1.430743578
-1.499988409
-1.50000756
-1.499940533
-1.412604853
-1.500135791
-1.500013378
-1.406316596
-1.500010357
-1.463187351
-1.500043594
-1.36030168
-1.499987485
-1.500060479
-1.465449461
-1.500016844
-1.499987331
-1.455363472
-1.500013855
-1.457962193
-1.499932412
-1.467062655
-1.443162137
-1.490265626
-1.504797614
-1.473971031
-1.498414755
-1.387657262
-1.499939259
-1.479697644
-1.499980432
-1.500065624
-1.490559632
-1.499974318
-1.443066063
-1.499951888
-1.537409391
-1.499993893
-1.499950784
-1.499984659
-1.49998827
-1.50008983
-1.500088697
-1.488445903
-1.430181652
-1.500072335
-1.403938306
-1.485900702
-1.500011869
-1.477355779
-1.499892321
-1.416875485
-1.353775007
-1.413182386
-1.499989533
-1.485234204
-1.499978666
-1.499973052
-1.499936642
-1.355525364
-1.500021576
-1.499923355
-1.501966334
-1.500009926
-1.480649021
-1.40057583
-1.500006035
-1.500027415
-1.500559905
-1.49257874
-1.50006878
-1.513069492
-1.497040278
-1.500030441
-1.492191984
-1.500005284
-1.499942862
-1.50000199
-1.498717423
-1.499912177
-1.500061028
-1.500161904
-1.536614338
-1.494976717
-1.499929557
-1.499903794
-1.497674226
-1.437712509
-1.500049473
-1.500053156
-1.500077244
-1.500071234
-1.500069977
-1.500028301
-1.424055939
-1.330603753
-1.499975982
-1.499964496
-1.507611866
-1.470606526
-1.496255363
-1.499960817
-1.500017801
-1.500050221
-1.500030345
-1.49999319
-1.499934253
-1.500096776
-1.499995078
-1.416304171
-1.50004008
-1.335247106
-1.500007451
-1.404112929
-1.366650804
-1.447673354
-1.335553324
-1.500050207
-1.500005392
-1.438970194
-1.499904479
-1.454207724
-1.500033096
-1.442668858
-1.499980501
-1.500010845
-1.40890733
-1.373155914
-1.359864445
-1.500071789
-1.428566041
-1.500125773
-1.500032759
-1.500106753
-1.50008263
-1.477675863
-1.436526648
-1.499982235
-1.500082102
-1.499923654
-1.523566052
-1.521964452
-1.499906311
-1.500095952
-1.500049169
-1.500000568
-1.423374691
-1.49998653
-1.500051678
-1.499969627
-1.500031099
-1.500051547
-1.404258709
-1.499976294
-1.500022433
-1.500110296
-1.49999861
-1.499972085
-1.500028895
-1.500028172
-1.495838937
-1.500051475
-1.500041211
-1.499902737
-1.499893329
-1.500047108
-1.498297155
-1.310872735
-1.49994363
-1.499995212
-1.460294543
-1.499910778
-1.500018014
-1.47167861
-1.500116144
-1.500071448
-1.499971905
-1.496302108
-1.381934571
-1.499986931
-1.460371991
-1.483799018
-1.507358415
-1.499981014
-1.499999028
-1.440877612
-1.499944427
-1.49995041
-1.502386839
-1.497776242
-1.499952363
-1.499973152
-1.499890314
-1.465737329
-1.499989105
-1.409183633
-1.49569481
-1.500059047
-1.500001071
-1.46005952
-1.424162224
-1.459524556
-1.499991606
-1.436329988
-1.500051933
-1.499798594
-1.500044411
-1.445704266
-1.500051653
-1.491666954
-1.499967326
-1.456564756
-1.37717909
-1.499969585
-1.487326762
-1.346020313
-1.492513754
-1.499984427
-1.499910316
-1.500131205
-1.423178808
-1.499926889
-1.499912935
-1.410726523
-1.500023467
-1.407129235
-1.430397226
-1.499926027
-1.499970065
-1.499968272
-1.455715738
-1.500114398
-1.480531717
-1.500006506
-1.499974833
-1.49994737
-1.499979454
-1.499963076
-1.499998435
-1.479502334
-1.486063339
-1.499979802
-1.500002983
-1.368910146
-1.423889871
-1.499944006
-1.499990585
-1.499890025
-1.499909495
-1.407911616
-1.50000594
-1.438163711
-1.499980707
-1.500078141
-1.500806755
-1.489684432
-1.499947172
-1.442381792
-1.460864537
-1.499994362
-1.499226197
-1.499858386
-1.499923598
-1.499933582
-1.499973298
-1.500004487
-1.457668625
-1.43823113
-1.497602559
-1.498411575
-1.500091512
-1.438727493
-1.452918607
-1.499964232
-1.499956504
-1.500103779
-1.500146091
-1.500093247
-1.50162029
-1.499974518
-1.500036341
-1.440912342
-1.499993184
-1.500043349
-1.499971011
-1.398275946
-1.48494646
-1.505314655
-1.500136451
-1.500005437
-1.499987007
-1.500003456
-1.499915524
-1.500046481
-1.500136566
-1.500106692
-1.467089718
-1.499994608
-1.499925705
-1.42292932
-1.500082785
-1.499930599
-1.499993625
-1.498225599
-1.388264271
-1.456414655
-1.500011298
-1.410630157
-1.426086927
-1.499972733
-1.38346139
-1.500073022
-1.401521779
-1.49997896
-1.49997206
-1.499995523
-1.49995575
-1.500044826
-1.492851865
-1.500068216
-1.499968052
-1.500016615
-1.499936021
-1.449729094
-1.499958527
-1.421670875
-1.499989171
-1.499925274
-1.500101741
-1.500072384
-1.499923763
-1.499915672
-1.499990257
-1.499922352
-1.500029784
-1.488562731
-1.499972416
-1.500041982
-1.364232648
-1.473796087
-1.500046613
-1.499956612
-1.400027102
-1.500011505
-1.434229658
-1.499974361
-1.500103401
-1.499922583
-1.499792277
-1.5000731
-1.437693985
-1.499885514
-1.499860608
-1.423888329
-1.49997572
-1.484692199
-1.421904629
-1.41311917
-1.500083256
-1.391932118
-1.476181216
-1.499945223
-1.472153811
-1.500070359
-1.431504143
-1.499893046
-1.499970564
-1.499998532
-1.500073206
-1.499876073
-1.500084958
-1.489575426
-1.499934941
-1.49989518
-1.500049177
-1.499132059
-1.500022987
-1.421486525
-1.449606054
-1.492768188
-1.441015477
-1.499977142
-1.499902943
-1.492886192
-1.383686587
-1.497884452
-1.400129762
-1.499997174
-1.480815046
-1.500027879
-1.499959132
-1.500038503
-1.499944289
-1.448803299
-1.500059673
-1.494590019
-1.487223123
-1.397944638
-1.500014406
-1.500044129
-1.493305164
-1.500031288
-1.487019717
-1.499912266
-1.499960259
-1.420371585
-1.499954833
-1.440578579
-1.457694179
-1.458967191
-1.499909024
-1.499921575
-1.500011203
-1.500028502
-1.510874613
-1.479232056
-1.499967102
-1.500080907
-1.500099879
-1.490840817
-1.450364134
-1.499931681
-1.485625679
-1.500004518
-1.4870562
-1.398963629
-1.49991229
-1.499945106
-1.500073922
-1.49989591
-1.447853427
-1.500006227
-1.499951435
-1.499899969
-1.500085
-1.500099562
-1.500023974
-1.499989823
-1.443970898
-1.499939997
-1.500032464
-1.499989026
-1.500569796
-1.500187315
-1.499933629
-1.500023445
-1.500098172
-1.499955846
-1.500001055
-1.448202758
-1.369502821
-1.370106317
-1.433196817
-1.435294103
-1.499978722
-1.380167953
-1.446448889
-1.500148625
-1.419676956
-1.500056519
-1.500036375
-1.500044872
-1.497469346
-1.475619186
-1.500035738
-1.499970902
-1.49999511
-1.500036705
-1.420120124
-1.499979079
-1.430352337
-1.499902808
-1.50009693
-1.376889477
-1.499960291
-1.499936204
-1.391266716
-1.418269011
-1.443452853
-1.383359057
-1.431681328
-1.450832314
-1.499988893
-1.500028955
-1.341582009
-1.406451796
-1.499998303
-1.478796683
-1.442918137
-1.46406176
-1.499999264
-1.430331657
-1.448619704
-1.451390569
-1.499932017
-1.474530707
-1.49986529
-1.503824566
-1.499969229
-1.499983303
-1.499969896
-1.500031973
-1.500066732
-1.499981679
-1.463403173
-1.499977341
-1.500074714
-1.500087442
-1.386887176
-1.36750039
-1.428568682
-1.337389169
-1.50000072
-1.500063395
-1.39471202
-1.500074549
-1.500007078
-1.484836317
-1.369955006
-1.499923997
-1.499925529
-1.447636651
-1.499915673
-1.499952122
-1.48478977
-1.496335405
-1.500007709
-1.499872255
-1.474397704
-1.500037324
-1.363799051
-1.473764967
-1.447070635
-1.500008858
-1.451536956
-1.499963268
-1.499871631
-1.45535991
-1.370493997
-1.500058036
-1.500006152
-1.499956418
-1.500022292
-1.49633109
-1.521987441
-1.462425706
-1.500010206
-1.472434386
-1.485094943
-1.499962029
-1.500018731
-1.500042827
-1.456310689
-1.500023278
-1.499971946
-1.40997271
-1.500077816
-1.48950831
-1.452044144
-1.465182001
-1.385138078
-1.499908057
-1.476059312
-1.500012292
-1.500023155
-1.500058198
-1.382581722
-1.42083755
-1.500139705
-1.445115622
-1.499889967
-1.499940965
-1.499959064
-1.457879741
-1.499872047
-1.500003029
-1.499967366
-1.382966399
-1.370351305
-1.500064463
-1.435708337
-1.480221163
-1.466577413
-1.500080864
-1.487173843
-1.500043649
-1.499944518
-1.50001379
-1.494056453
-1.500087283
-1.499967747
-1.471264641
-1.398566844
-1.500024477
-1.363383341
-1.499982379
-1.49991696
-1.500017754
-1.396252018
-1.499983379
-1.500047336
-1.492428523
-1.500004796
-1.499938627
-1.499988734
-1.500054368
-1.500124592
-1.455359794
-1.499959345
-1.500014142
-1.421032293
-1.500014578
-1.500037072
-1.494262465
-1.457429117
-1.431398503
-1.499939202
-1.426149943
-1.500049028
-1.500034063
-1.457934085
-1.500032764
-1.389810971
-1.500137922
-1.500050752
-1.499879774
-1.499946265
-1.494851605
-1.499985537
-1.412222321
-1.478194653
-1.500009066
-1.497291466
-1.432286241
-1.500003138
-1.499945331
-1.391958453
-1.499888175
-1.347490097
-1.498481907
-1.50011302
-1.500071682
-1.499938743
-1.498458671
-1.49987238
-1.500051767
-1.472580018
-1.499887238
-1.422279449
-1.4809089
-1.506121309
-1.500028415
-1.499973937
-1.422288965
-1.500054862
-1.448575674
-1.452692128
-1.359768309
-1.406222073
-1.499943931
-1.427396658
-1.426140827
-1.490094099
-1.394192082
-1.499920019
-1.499914442
-1.499942902
-1.436827653
-1.499916704
-1.500074179
-1.499967989
-1.499942245
-1.499974249
-1.499972016
-1.500025959
-1.500019952
-1.508829007
-1.500055158
-1.486624434
-1.49990131
-1.35140833
-1.452125704
-1.499929031
-1.500069543
-1.500105003
-1.499904878
-1.500052179
-1.499905538
-1.499970685
-1.499945607
-1.500079407
-1.368583178
-1.446416631
-1.499955169
-1.389080388
-1.4853939
-1.500109519
-1.500014992
-1.50000348
-1.464749583
-1.499941939
-1.499985473
-1.499959432
-1.499960217
-1.500014993
-1.458816818
-1.500008994
-1.500049442
-1.479300685
-1.499972971
-1.500015371
-1.499868971
-1.500097547
-1.429198639
-1.500010478
-1.426927656
-1.47778773
-1.427237181
-1.4672877
-1.499933548
-1.499899082
-1.465224709
-1.463267891
-1.500074044
-1.499996858
-1.497572116
-1.500038801
-1.500023694
-1.499985576
-1.499939959
-1.500082661
-1.500047626
-1.49170281
-1.499991894
-1.500004668
-1.457225306
-1.500012353
-1.499997726
-1.500034188
-1.499941605
-1.500022019
-1.499961853
-1.499935959
-1.500109409
-1.499954295
-1.432932405
-1.435711669
-1.489656746
-1.402745634
-1.499880857
-1.499958355
-1.499942336
-1.504379677
-1.499886086
-1.499988933
-1.46013102
-1.500014419
-1.50001535
-1.499958216
-1.35961453
-1.449972296
-1.500006425
-1.500030491
-1.431693743
-1.471813741
-1.499920324
-1.500028265
-1.500048601
-1.469780638
-1.48109499
-1.498785957
-1.448809774
-1.495390799
-1.481398184
-1.479920102
-1.500080844
-1.49737179
-1.345054652
-1.485875994
-1.499971758
-1.493696626
-1.50003647
-1.499915183
-1.46952195
-1.499975494
-1.500031689
-1.500061192
-1.500029111
-1.467429951
-1.499925742
-1.500017172
-1.420242576
-1.499994161
-1.500034321
-1.499982593
-1.450661331
-1.500087291
-1.498073084
-1.500088982
-1.499986514
-1.472536961
-1.499877893
-1.5001529
-1.49996436
-1.484141361
-1.499917907
-1.455878337
-1.499903396
-1.47860872
-1.499863002
-1.398160239
-1.490736216
-1.319040662
-1.500065568
-1.500020239
-1.500002465
-1.433231243
-1.499887229
-1.500054795
-1.474328769
-1.500030005
-1.492649055
-1.499985242
-1.500039855
-1.499886045
-1.448124064
-1.495550254
-1.488427258
-1.499950027
-1.500001684
-1.446517576
-1.500071043
-1.48890778
-1.500051331
-1.462713946
-1.451155182
-1.49993417
-1.413422872
-1.484261398
-1.323688904
-1.44593255
-1.499947962
-1.499983455
-1.49300462
-1.500016825
-1.500017301
-1.411671197
-1.499971253
-1.500049363
-1.397541154
-1.500070527
-1.500045637
-1.500066688
-1.441893916
-1.49986413
-1.499875822
-1.500035478
-1.485456997
-1.500040669
-1.447416892
-1.499914229
-1.375087278
-1.441432165
-1.498732328
-1.499994071
-1.413574327
-1.483441393
-1.430237855
-1.475321615
-1.472113742
-1.45408053
-1.439949852
-1.463596914
-1.49995966
-1.500001018
-1.500101111
-1.47726859
-1.497996076
-1.441984923
-1.49998948
-1.499949288
-1.500013468
-1.440480693
-1.500080678
-1.499935522
-1.499877907
-1.470834162
-1.500005949
-1.382725435
-1.360248275
-1.403725487
-1.506973503
-1.499965247
-1.456826623
-1.500027398
-1.50005753
-1.50010562
-1.488647322
-1.500021119
-1.326480748
-1.499899382
-1.481664327
-1.487765022
-1.500030188
-1.403041871
-1.45831969
-1.361602142
-1.499988356
-1.500018329
-1.422744062
-1.499941933
-1.4998779
-1.330531749
-1.364691336
-1.500006033
-1.493676303
-1.500040853
-1.499947091
-1.405924058
-1.401974848
-1.394895344
-1.500100344
-1.500029702
-1.500026438
-1.499998787
-1.472967067
-1.499975745
-1.500018039
-1.474497269
-1.47574014
-1.471513659
-1.50000871
-1.481232296
-1.452488976
-1.462667108
-1.500048568
-1.500098939
-1.527412049
-1.500104733
-1.499983251
-1.499991249
-1.499912405
-1.499912682
-1.499890348
-1.499953734
-1.50010255
-1.453699637
-1.499974925
-1.444942881
-1.500012848
-1.499872027
-1.499973198
-1.50001644
-1.446686105
-1.499984691
-1.340656234
-1.44092446
-1.499975391
-1.457869255
-1.331815232
-1.499934966
-1.463368955
-1.499942172
-1.49992031
-1.499965854
-1.490607807
-1.508178857
-1.499918022
-1.443322261
-1.500031135
-1.452250706
-1.500001867
-1.37642336
-1.49999473
-1.396744354
-1.50008353
-1.480476416
-1.500061879
-1.500002036
-1.50013418
-1.414369456
-1.500001447
-1.499989057
-1.382126253
-1.422205368
-1.500158615
-1.474725834
-1.432069297
-1.499909553
-1.515398261
-1.499897991
-1.500068602
-1.47381654
-1.499917246
-1.499943722
-1.500066526
-1.463224256
-1.45325652
-1.499932179
-1.499925957
-1.50005177
-1.500025442
-1.499984058
-1.493429169
-1.499925195
-1.49994817
-1.499970652
-1.49994916
-1.500011099
-1.490675327
-1.504705453
-1.499943155
-1.499969336
-1.416882532
-1.499932179
-1.500022947
-1.499955664
-1.372455471
-1.493545798
-1.505697414
-1.470543234
-1.442660688
-1.49869843
-1.376975876
-1.500007322
-1.367957965
-1.467608595
-1.499947697
-1.444952034
-1.383425045
-1.499997988
-1.499950508
-1.498922799
-1.50000398
-1.499952453
-1.401209782
-1.47228553
-1.509674925
-1.433338755
-1.500029337
-1.436505598
-1.500053262
-1.500007684
-1.48636031
-1.499892394
-1.49996807
-1.499877026
-1.500029245
-1.49994076
-1.500072801
-1.499997632
-1.458722149
-1.465071633
-1.413520472
-1.499925245
-1.499999228
-1.413568674
-1.420168701
-1.460252625
-1.499931845
-1.499988463
-1.500053545
-1.466536146
-1.452871064
-1.499921408
-1.487744403
-1.499961802
-1.499868503
-1.500012635
-1.499989761
-1.434650159
-1.471029413
-1.409455557
-1.500057032
-1.527880972
-1.396657837
-1.432590828
-1.499996435
-1.468462578
-1.41515809
-1.500014689
-1.479563784
-1.347808685
-1.500022046
-1.499941273
-1.499991751
-1.496662078
-1.500010166
-1.482926954
-1.461759615
-1.500050613
-1.499856929
-1.499926805
-1.499939185
-1.500059523
-1.499992843
-1.500006714
-1.488772635
-1.499908557
-1.433306231
-1.499857267
-1.418843295
-1.500046522
-1.499990089
-1.337675838
-1.50009956
-1.500031271
-1.493731385
-1.5000198
-1.500173516
-1.499902557
-1.499954627
-1.476103018
-1.500007712
-1.492559512
-1.347189183
-1.409859183
-1.499985817
-1.49990079
-1.39439609
-1.488236771
-1.480741345
-1.499943696
-1.500075258
-1.409040673
-1.499941529
-1.500125738
-1.499957354
-1.373234308
-1.485120241
-1.500044629
-1.500017025
-1.499918465
-1.50003469
-1.499939769
-1.393737639
-1.50000932
-1.484295416
-1.499985571
-1.489303142
-1.499985735
-1.500097074
-1.485739411
-1.500044942
-1.484821203
-1.499968198
-1.500010923
-1.435363865
-1.452605035
-1.45908107
-1.357988438
-1.500060197
-1.499998041
-1.500046117
-1.500005216
-1.467237863
-1.499932348
-1.499990801
-1.500090161
-1.479542757
-1.499913966
-1.416853784
-1.500013757
-1.486255449
-1.500022248
-1.499959986
-1.499314486
-1.435019992
-1.500054784
-1.453142878
-1.500024286
-1.417525741
-1.421755295
-1.500026749
-1.47599546
-1.499897031
-1.487389838
-1.50000342
-1.499999197
-1.439339988
-1.500037862
-1.499925583
-1.439529428
-1.499961589
-1.4077668
-1.413502432
-1.500025553
-1.47611355
-1.45405363
-1.499999625
-1.411713549
-1.499933779
-1.499956379
-1.377819201
-1.50000273
-1.472867213
-1.463247033
-1.437856964
-1.456922706
-1.500018721
-1.499974462
-1.50000211
-1.500039371
-1.500082248
-1.500014744
-1.500035065
-1.450008798
-1.451122424
-1.500042615
-1.491127836
-1.439677013
-1.496127909
-1.50000973
-1.451136656
-1.498531036
-1.451824661
-1.500033191
-1.500005726
-1.500024576
-1.500149966
-1.500050459
-1.499984612
-1.499985344
-1.500141278
-1.407905879
-1.441459218
-1.358195597
-1.500034985
-1.500000011
-1.500035868
-1.499957701
-1.500042598
-1.499997796
-1.416514012
-1.500077923
-1.493597156
-1.393716211
-1.499974917
-1.500035804
-1.34143149
-1.500022553
-1.499999471
-1.484388633
-1.499985393
-1.500011123
-1.500069128
-1.48864386
-1.456691311
-1.500088997
-1.499881435
-1.416140139
-1.360948899
-1.413983477
-1.484780833
-1.499996977
-1.417629875
-1.500119198
-1.500004165
-1.499995396
-1.488381025
-1.499953583
-1.500058752
-1.499977205
-1.499862616
-1.435602416
-1.500037779
-1.500060706
-1.499895309
-1.427650042
-1.499926217
-1.378592803
-1.499947587
-1.49991679
-1.499940574
-1.499964506
-1.499951482
-1.500110157
-1.427516905
-1.500053061
-1.497051608
-1.499947281
-1.500054691
-1.500011372
-1.45429589
-1.499893166
-1.49998623
-1.339691849
-1.474449498
-1.492949029
-1.5000466
-1.50002661
-1.499967167
-1.500008166
-1.499973628
-1.499944199
-1.358589719
-1.500062202
-1.448206196
-1.44751548
-1.459544416
-1.500014146
-1.420303194
-1.387792143
-1.500027153
-1.500056889
-1.490007862
-1.444933325
-1.43886801
-1.499960081
-1.485490748
-1.449571849
-1.338765584
-1.385316884
-1.499985309
-1.499985295
-1.499974522
-1.451426186
-1.500025393
-1.499910989
-1.499979178
-1.499953163
-1.470238639
-1.499991165
-1.50002024
-1.493109491
-1.499934061
-1.500030074
-1.500022648
-1.500078062
-1.49999375
-1.467134531
-1.497763627
-1.500102141
-1.500080293
-1.499953695
-1.487115606
-1.494637147
-1.473299994
-1.500062978
-1.500067187
-1.499964068
-1.350599122
-1.499983369
-1.499824396
-1.499986032
-1.499923941
-1.407691977
-1.499948935
-1.499935314
-1.478257834
-1.500044515
-1.449487805
-1.500044104
-1.443462376
-1.444185554
-1.36118937
-1.499926635
-1.499935048
-1.499893002
-1.500001112
-1.500055945
-1.500067651
-1.499962449
-1.475167805
-1.49996325
-1.491977887
-1.49991193
-1.499968244
-1.439956786
-1.472972185
-1.499948159
-1.491233064
-1.500034574
-1.500066188
-1.499940391
-1.499986395
-1.494180898
-1.341773803
-1.500016869
-1.440451131
-1.500034713
-1.500101563
-1.500017873
-1.500048827
-1.500056132
-1.39772658
-1.50007552
-1.385255978
-1.499901242
-1.4923054
-1.499978154
-1.499900216
-1.471718298
-1.455682626
-1.500074026
-1.318733775
-1.490265509
-1.500000551
-1.406894588
-1.500023255
-1.499994319
-1.484711268
-1.478686878
-1.504185963
-1.500025731
-1.499986266
-1.49995393
-1.500020886
-1.500061166
-1.50008398
-1.499991517
-1.500038922
-1.510747299
-1.499889913
-1.448866704
-1.499911794
-1.478895575
-1.500029752
-1.397356494
-1.500107362
-1.500069575
-1.443875581
-1.500029203
-1.429769143
-1.499978596
-1.463931407
-1.500063855
-1.451397412
-1.498033489
-1.500047031
-1.377604567
-1.50004865
-1.50007737
-1.411794719
-1.483872342
-1.422531352
-1.500000694
-1.499935591
-1.489376049
-1.47162454
-1.523072686
-1.500027396
-1.499951651
-1.499976364
-1.499979338
-1.500006968
-1.500022721
-1.323543397
-1.500028862
-1.433880528
-1.453271663
-1.499922404
-1.499969647
-1.499969881
-1.499960675
-1.500029132
-1.372362252
-1.498321063
-1.373255564
-1.500087538
-1.500049584
-1.499921761
-1.500039873
-1.448373854
-1.500056077
-1.499943148
-1.408753186
-1.493252739
-1.36123192
-1.499957413
-1.500029901
-1.467739199
-1.499905342
-1.486325097
-1.500064463
-1.500014944
-1.499984893
-1.482282353
-1.50009988
-1.477929979
-1.442717997
-1.499994589
-1.446043518
-1.410370203
-1.500014033
-1.500012883
-1.500031738
-1.499978784
-1.500040859
-1.50006338
-1.500036884
-1.432751555
-1.369103829
-1.500064158
-1.500012484
-1.499934665
-1.500017315
-1.500033054
-1.486774733
-1.499989514
-1.481138415
-1.499978184
-1.327065904
-1.503355191
-1.420605036
-1.49997338
-1.422251299
-1.500063221
-1.503192859
-1.499902566
-1.488806203
-1.411998792
-1.459125959
-1.499957961
-1.444733547
-1.500008789
-1.50002299
-1.500056699
-1.499952435
-1.495667413
-1.500003378
-1.482340876
-1.500012915
-1.500056521
-1.499945574
-1.499984304
-1.499971376
-1.499970171
-1.500063523
-1.49991217
-1.499999888
-1.490135695
-1.400532835
-1.499997277
-1.500009971
-1.500047848
-1.437580329
-1.499956114
-1.50008277
-1.361131782
-1.490896473
-1.443516166
-1.500017155
-1.425846127
-1.411577719
-1.497671941
-1.499968468
-1.500018033
-1.47937133
-1.500247116
-1.499974213
-1.413236713
-1.500016249
-1.499998379
-1.455021588
-1.393493998
-1.499948878
-1.499967524
-1.499939615
-1.468522937
-1.499975775
-1.500078671
-1.498261864
-1.476702233
-1.318987353
-1.5000141
-1.499957634
-1.500001769
-1.428714544
-1.500060393
-1.500078034
-1.50000779
-1.500078401
-1.37684752
-1.485967584
-1.50000448
-1.499945482
-1.500126963
-1.499966108
-1.500033688
-1.500070038
-1.447788754
-1.499966368
-1.377622707
-1.49996417
-1.50009836
-1.499979214
-1.493421682
-1.499993556
-1.49173365
-1.500003723
-1.499999763
-1.500038019
-1.484403203
-1.396119599
-1.499913061
-1.500051846
-1.500842019
-1.500031226
-1.499892428
-1.50003866
-1.447056509
-1.380416842
-1.41819239
-1.500006118
-1.49998752
-1.456405836
-1.49993234
-1.499997333
-1.500010951
-1.500007538
-1.39080676
-1.465486338
-1.50006868
-1.49997868
-1.452253578
-1.499889807
-1.499932571
-1.500083259
-1.499955371
-1.499986146
-1.499922401
-1.478202878
-1.500007625
-1.50008071
-1.500056744
-1.500020688
-1.499911414
-1.500061166
-1.318312247
-1.433776147
-1.499947333
-1.500016467
-1.397502192
-1.496684666
-1.442266997
-1.500033198
-1.493612954
-1.416549585
-1.41308299
-1.500038582
-1.355034057
-1.499984928
-1.499986467
-1.499939537
-1.499951774
-1.500012373
-1.500003255
-1.499959888
-1.499949072
-1.430063102
-1.500033115
-1.398613986
-1.49991129
-1.500045649
-1.50001113
-1.500051372
-1.476536118
-1.499925331
-1.440510334
-1.49328649
-1.500072167
-1.500004139
-1.499910671
-1.499851555
-1.395624505
-1.458299114
-1.499980187
-1.500032341
-1.500033049
-1.453175547
-1.500006023
-1.462128697
-1.45992777
-1.500023669
-1.500153123
-1.498604373
-1.499958972
-1.490934786
-1.50006185
-1.500024197
-1.431327957
-1.500024254
-1.474274558
-1.488629341
-1.500002051
-1.499911684
-1.499907061
-1.499968297
-1.480526496
-1.499995484
-1.50003968
-1.499914672
-1.491564079
-1.49988511
-1.499950091
-1.485390364
-1.439748863
-1.499882236
-1.468259623
-1.499955109
-1.499942933
-1.435123749
-1.49997844
-1.499948086
-1.498555026
-1.49992201
-1.499953586
-1.392662412
-1.500099427
-1.499902736
-1.344335545
-1.500045354
-1.499956824
-1.363028549
-1.439763737
-1.500027511
-1.500001452
-1.499942091
-1.499913109
-1.500043212
-1.426054413
-1.49060714
-1.499917578
-1.49995726
-1.500122703
-1.462395678
-1.499936044
-1.426437937
-1.475472031
-1.467702379
-1.499944795
-1.500112323
-1.500013019
-1.499923279
-1.500063892
-1.499976072
-1.494594823
-1.518223718
-1.499968037
-1.492928886
-1.499967344
-1.499952236
-1.482463553
-1.500052845
-1.431710711
-1.410138692
-1.500015487
-1.500066579
-1.427025118
-1.500030665
-1.499971384
-1.463320536
-1.366709107
-1.499965949
-1.500023955
-1.500112139
-1.491941998
-1.499867897
-1.409988978
-1.493639303
-1.500050231
-1.499928583
-1.500005321
-1.499955434
-1.482791303
-1.488314747
-1.499996547
-1.3996509
-1.466731797
-1.376118325
-1.500062423
-1.464243267
-1.499948914
-1.500028232
-1.476211529
-1.445946038
-1.432291206
-1.499999862
-1.349946626
-1.492435005
-1.499993819
-1.492686288
-1.423019171
-1.499993937
-1.368186109
-1.420016743
-1.500012039
-1.500020938
-1.499959771
-1.500000188
-1.500155864
-1.500050021
-1.499927377
-1.499915378
-1.500027255
-1.499968406
-1.477741105
-1.499921231
-1.499988808
-1.473258804
-1.47018023
-1.500043785
-1.500058165
-1.50011588
-1.49989334
-1.488534895
-1.375557352
-1.500060194
-1.499961674
-1.499922618
-1.500136318
-1.499934355
-1.499985421
-1.500054854
-1.42010206
-1.385113646
-1.396094655
-1.499992719
-1.498282891
-1.304486539
-1.444323843
-1.50006521
-1.496840506
-1.50005637
-1.458053427
-1.499998899
-1.499964445
-1.460408634
-1.416287136
-1.500059127
-1.499939196
-1.464777738
-1.360678635
-1.402930019
-1.500034209
-1.459833976
-1.499994318
-1.479993756
-1.432704913
-1.499970718
-1.497984859
-1.499900013
-1.451468224
-1.499994203
-1.499936385
-1.499975797
-1.500018773
-1.499989378
-1.439353182
-1.499941734
-1.500032501
-1.500061175
-1.499994427
-1.471684178
-1.496762954
-1.364619146
-1.464449225
-1.48312293
-1.490405398
-1.499987955
-1.500020121
-1.500060305
-1.481486553
-1.500017253
-1.410824733
-1.415071639
-1.499887567
-1.428067803
-1.476629781
-1.412874335
-1.494837863
-1.404845188
-1.500018421
-1.500003259
-1.499970224
-1.476823775
-1.361743996
-1.446517963
-1.436725676
-1.500014218
-1.50004686
-1.500115693
-1.500047589
-1.500064687
-1.441966675
-1.500009789
-1.500037576
-1.501078478
-1.49998317
-1.499935613
-1.452566932
-1.50006936
-1.49515711
-1.438726567
-1.48401071
-1.44440322
-1.500102496
-1.500069484
-1.441083659
-1.500140698
-1.388253488
-1.486890075
-1.500054875
-1.441214922
-1.499874077
-1.40353033
-1.351294379
-1.500044703
-1.401345226
-1.499950813
-1.500010868
-1.409772609
-1.470482012
-1.499981038
-1.49987017
-1.500023498
-1.499801498
-1.499934546
-1.499923467
-1.47148497
-1.485988155
-1.500009126
-1.499909866
-1.487532868
-1.500011722
-1.49997574
-1.500008048
-1.499878052
-1.499981372
-1.500120087
-1.499927332
-1.442994661
-1.377237087
-1.500007481
-1.500097844
-1.467361092
-1.488499151
-1.500027586
-1.499924055
-1.441931777
-1.499987512
-1.500059008
-1.500011659
-1.500034624
-1.500094824
-1.500033317
-1.460247723
-1.499977574
-1.500051572
-1.499885088
-1.500074673
-1.499936416
-1.499887168
-1.423575269
-1.50006869
-1.500071847
-1.500099385
-1.422104624
-1.500055535
-1.499975735
-1.439567399
-1.423875788
-1.500078095
-1.499917653
-1.498418604
-1.499988404
-1.500035182
-1.499898426
-1.499932671
-1.386688672
-1.499967768
-1.489095179
-1.499957498
-1.499993873
-1.500016417
-1.446955117
-1.500056684
-1.500005211
-1.499962881
-1.424678913
-1.497122889
-1.499955238
-1.42276425
-1.500129975
-1.500007278
-1.499896784
-1.417336481
-1.485034904
-1.497952969
-1.499977498
-1.499964985
-1.499929383
-1.500011704
-1.500000027
-1.499992027
-1.477302961
-1.500051059
-1.500044526
-1.499881208
-1.496843602
-1.500087731
-1.499922069
-1.399877455
-1.385565307
-1.500011284
-1.50005294
-1.418410248
-1.499930423
-1.500015758
-1.500002043
-1.499907437
-1.391116313
-1.499902396
-1.478608448
-1.500004519
-1.471744886
-1.441041648
-1.36230225
-1.500097764
-1.499982957
-1.500016598
-1.500045749
-1.372177557
-1.499954152
-1.499950956
-1.499977099
-1.499958288
-1.500107121
-1.500036977
-1.499993084
-1.499990929
-1.461471285
-1.500000458
-1.49639177
-1.500044402
-1.500018241
-1.465428982
-1.49997909
-1.51560149
-1.499986339
-1.499989055
-1.500022613
-1.499824581
-1.500113719
-1.43610403
-1.499968182
-1.500074833
-1.439869421
-1.418067685
-1.49997905
-1.482044838
-1.500061396
-1.487376665
-1.398861855
-1.50007488
-1.443075043
-1.500099742
-1.499967852
-1.499996706
-1.429343945
-1.500058552
-1.500052954
-1.453503562
-1.471460269
-1.500026577
-1.500026813
-1.499955687
-1.500014997
-1.500068786
-1.468610254
-1.498410792
-1.499992014
-1.443156841
-1.490716058
-1.500032105
-1.498643827
-1.33855889
-1.486537593
-1.386154816
-1.495936957
-1.499927207
-1.474386549
-1.500098536
-1.500028673
-1.499918025
-1.405608583
-1.487621766
-1.429940701
-1.500028313
-1.499998596
-1.412766923
-1.41238634
-1.494969955
-1.329742227
-1.505025603
-1.499983441
-1.344053538
-1.43956059
-1.503734724
-1.505773094
-1.423787416
-1.499952934
-1.500004412
-1.367514352
-1.499991146
-1.403876872
-1.50003234
-1.47878691
-1.499955745
-1.499999461
-1.492691807
-1.50003221
-1.360607098
-1.444839813
-1.469185624
-1.48951602
-1.476911162
-1.500025425
-1.374203269
-1.499927056
-1.453006865
-1.488756461
-1.339430045
-1.499995176
-1.444387547
-1.500029589
-1.486419488
-1.500033036
-1.484919192
-1.404113798
-1.438057798
-1.416569424
-1.476238605
-1.500081958
-1.359151197
-1.500004245
-1.45222439
-1.500038555
-1.500028841
-1.50006011
-1.464656475
-1.500116583
-1.374092426
-1.463555702
-1.500036181
-1.37517013
-1.500010023
-1.500034085
-1.444941783
-1.49997383
-1.499904168
-1.443402232
-1.501523872
-1.496109601
-1.443575934
-1.500025875
-1.499893344
-1.500042235
-1.499959622
-1.429038589
-1.414716135
-1.476582611
-1.426606717
-1.49772932
-1.500013433
-1.500079642
-1.464399221
-1.499977422
-1.499991861
-1.499966675
-1.497926961
-1.499915633
-1.498190563
-1.500050598
-1.500018763
-1.484265941
-1.394498484
-1.490525687
-1.378913382
-1.500000929
-1.496193997
-1.500042173
-1.346628729
-1.462033718
-1.499988508
-1.386058633
-1.499928721
-1.500075988
-1.457771208
-1.499981626
-1.500018393
-1.499989613
-1.500096877
-1.353449997
-1.500015513
-1.476434091
-1.499928106
-1.500004505
-1.495100393
-1.499990581
-1.500001736
-1.500016685
-1.499963208
-1.475851228
-1.484637875
-1.385642443
-1.500002765
-1.411392942
-1.541253474
-1.500034308
-1.499947596
-1.500074425
-1.499944728
-1.321865279
-1.49987584
-1.49998986
-1.499974024
-1.445730122
-1.41293295
-1.447971749
-1.499996876
-1.500055502
-1.499937464
-1.499985428
-1.458609756
-1.499973332
-1.494107593
-1.499960344
-1.499889125
-1.507520482
-1.500077453
-1.49747171
-1.50003761
-1.409530342
-1.372570405
-1.446222281
-1.500095854
-1.499964364
-1.451556981
-1.499979257
-1.357003307
-1.446681162
-1.500054164
-1.499914274
-1.499974272
-1.500064786
-1.499992728
-1.500034225
-1.499906636
-1.444594205
-1.500003526
-1.499926651
-1.499928627
-1.500023167
-1.435958925
-1.500056126
-1.471061138
-1.499962257
-1.499974602
-1.500003574
-1.499986145
-1.500061061
-1.49575687
-1.499961408
-1.499964873
-1.499983977
-1.326396756
-1.49992663
-1.50003466
-1.526265317
-1.446122147
-1.48318109
-1.499957889
-1.500019332
-1.499892309
-1.356866971
-1.500020858
-1.500004343
-1.528562075
-1.500002683
-1.500038784
-1.454000921
-1.50002197
-1.447758679
-1.500079769
-1.499908929
-1.46012352
-1.499984331
-1.499903158
-1.499976793
-1.424924773
-1.499977674
-1.500035977
-1.445238983
-1.486223443
-1.481061701
-1.499969198
-1.500095262
-1.376453539
-1.476408709
-1.499991997
-1.470985522
-1.463948461
-1.455196757
-1.499988363
-1.500009659
-1.422607682
-1.500184457
-1.469130588
-1.500020466
-1.500065836
-1.450470018
-1.497915589
-1.499986358
-1.499971679
-1.499927873
-1.386207741
-1.500029149
-1.500018198
-1.498108294
-1.49997533
-1.499932632
-1.500004887
-1.33387594
-1.46876418
-1.469220138
-1.413645462
-1.454442437
-1.457218035
-1.409321814
-1.380252578
-1.493121354
-1.499988724
-1.45101393
-1.500106599
-1.437903095
-1.499934728
-1.499992526
-1.495957492
-1.499828892
-1.408000734
-1.492117839
-1.493857554
-1.50001232
-1.500069698
-1.500038531
-1.499982578
-1.500015092
-1.499914604
-1.368903219
-1.500106593
-1.4998991
-1.499916097
-1.499950303
-1.474841534
-1.499966608
-1.499978927
-1.496907242
-1.393731408
-1.450464623
-1.500057951
-1.500033383
-1.499965924
-1.499927012
-1.499974512
-1.500037928
-1.499949831
-1.499981659
-1.43155003
-1.500047933
-1.373512294
-1.404459318
-1.4688659
-1.499949889
-1.485552372
-1.399156741
-1.50009565
-1.49996451
-1.499927407
-1.499979089
-1.499927541
-1.453960722
-1.499933992
-1.500007402
-1.500050512
-1.499967393
-1.499962252
-1.500054781
-1.500075615
-1.407154195
-1.499942491
-1.45179241
-1.497741091
-1.345581185
-1.426067128
-1.50003161
-1.500034056
-1.500020635
-1.390723675
-1.50000343
-1.421858791
-1.500068946
-1.500038392
-1.500001603
-1.454391146
-1.500010826
-1.500004517
-1.494456586
-1.39962773
-1.499902821
-1.461808046
-1.456342109
-1.438970143
-1.369898935
-1.456923131
-1.477744137
-1.499999326
-1.499961321
-1.49998589
-1.492020471
-1.499982043
-1.499917889
-1.499935853
-1.500039009
-1.500028688
-1.363773861
-1.499918126
-1.481888887
-1.500067848
-1.500100095
-1.500018449
-1.500070379
-1.500074701
-1.466206172
-1.499923746
-1.39829645
-1.500179046
-1.499914401
-1.418789008
-1.499999978
-1.494402824
-1.500044401
-1.500081543
-1.500112319
-1.39389423
-1.48129009
-1.519340305
-1.500011949
-1.499912472
-1.500076316
-1.500025314
-1.50004334
-1.500064616
-1.482041933
-1.375480123
-1.444548696
-1.50011287
-1.500031212
-1.489079201
-1.500153466
-1.404920194
-1.500027282
-1.499994074
-1.499961762
-1.386733215
-1.500029185
-1.500055467
-1.500093116
-1.379737585
-1.499958833
-1.499963206
-1.499908414
-1.494214665
-1.495191804
-1.389809711
-1.500097421
-1.492179148
-1.500011695
-1.507240763
-1.492933758
-1.461079378
-1.500048237
-1.500019142
-1.49993375
-1.500040388
-1.448375479
-1.500121116
-1.499952292
-1.499966562
-1.500035758
-1.499941236
-1.493309406
-1.500049972
-1.500003228
-1.500083416
-1.500014917
-1.495410509
-1.500109498
-1.500024942
-1.439858125
-1.499934785
-1.500081048
-1.456451823
-1.499964319
-1.500085912
-1.400908976
-1.50007118
-1.498571904
-1.461622086
-1.499997237
-1.444504889
-1.472416829
-1.499914501
-1.500003153
-1.391203802
-1.500051944
-1.500022031
-1.49982407
-1.500005803
-1.49983567
-1.419827478
-1.500045975
-1.500022305
-1.499972857
-1.475768083
-1.500035757
-1.499926756
-1.499976532
-1.499938101
-1.499947825
-1.506902979
-1.474795369
-1.499968484
-1.500034698
-1.499997887
-1.500050757
-1.500026328
-1.499985165
-1.500104077
-1.419671563
-1.499871566
-1.500033282
-1.500022494
-1.500001249
-1.499921128
-1.50006131
-1.500059224
-1.500053522
-1.500066582
-1.50002354
-1.493067364
-1.47233579
-1.526572559
-1.467660585
-1.451825123
-1.499854252
-1.500030641
-1.466986192
-1.436991413
-1.499992312
-1.500047228
-1.499985004
-1.498340986
-1.500072713
-1.485508007
-1.499990931
-1.424115478
-1.499976814
-1.502591426
-1.453329675
-1.499946079
-1.415025231
-1.467923723
-1.500053168
-1.442616353
-1.409782572
-1.499958884
-1.499969538
-1.499877147
-1.406101444
-1.500003595
-1.499935518
-1.499976863
-1.500077791
-1.500100232
-1.499908614
-1.490616752
-1.499928822
-1.419360825
-1.499930004
-1.484479411
-1.496423733
-1.433135855
-1.499979018
-1.499976106
-1.49998006
-1.500048248
-1.500039053
-1.499992613
-1.49998143
-1.499428415
-1.465037666
-1.493507477
-1.3657251
-1.49987268
-1.443219054
-1.42215352
-1.499948873
-1.504694735
-1.490474108
-1.500025686
-1.500006969
-1.428077016
-1.499951322
-1.499940712
-1.500121815
-1.500047261
-1.499973382
-1.4999681
-1.473151738
-1.500032536
-1.499956117
-1.499954951
-1.38778476
-1.390804773
-1.499953508
-1.499958152
-1.500024777
-1.481214835
-1.500052438
-1.369390136
-1.499981704
-1.500029114
-1.500032021
-1.49996093
-1.486268682
-1.500050618
-1.499915952
-1.499939939
-1.485056012
-1.474347255
-1.500007057
-1.435797666
-1.500039557
-1.49998971
-1.500069981
-1.410783548
-1.500044258
-1.417714962
-1.499935317
-1.500028643
-1.499064074
-1.500001384
-1.49998552
-1.500004262
-1.479929655
-1.49593964
-1.500114098
-1.464856949
-1.499979431
-1.500024446
-1.499968731
-1.500016482
-1.39403572
-1.448519257
-1.459180189
-1.499995712
-1.465723266
-1.475980213
-1.499932094
-1.447002606
-1.500034749
-1.500112147
-1.499951064
-1.424361359
-1.500043972
-1.437689185
-1.497049765
-1.499950773
-1.479263019
-1.338322832
-1.499968093
-1.495535937
-1.454447214
-1.425196918
-1.487829072
-1.420170262
-1.370037759
-1.516970483
-1.499946657
-1.447263899
-1.457101725
-1.499974905
-1.500034045
-1.487001049
-1.499961202
-1.419202518
-1.500011101
-1.500027044
-1.500074075
-1.499952204
-1.499981378
-1.500002064
-1.499925787
-1.498674177
-1.427854869
-1.312675445
-1.499978097
-1.499925912
-1.43980165
-1.481253929
-1.500065588
-1.50006169
-1.500017589
-1.383377388
-1.490745327
-1.500075078
-1.500020353
-1.500059877
-1.499978843
-1.499940036
-1.500123202
-1.490541529
-1.500042456
-1.450619889
-1.490407339
-1.454683959
-1.456328177
-1.420626853
-1.412158581
-1.500043053
-1.499971913
-1.462698373
-1.49998998
-1.499998257
-1.50013127
-1.499913885
-1.499880052
-1.415465508
-1.391650582
-1.500023309
-1.388763257
-1.500059143
-1.43817824
-1.329210383
-1.467024228
-1.499874255
-1.499971511
-1.499994932
-1.500051661
-1.393361676
-1.432406672
-1.50006697
-1.399222256
-1.500014728
-1.499982419
-1.499905824
-1.39322454
-1.499940572
-1.499982499
-1.500031298
-1.500040544
-1.451873664
-1.444416258
-1.477055974
-1.499973406
-1.499962244
-1.406705708
-1.500187052
-1.500053004
-1.400100164
-1.499957275
-1.499908786
-1.499973988
-1.500076406
-1.499966526
-1.434323382
-1.482082255
-1.500066399
-1.500010187
-1.499954354
-1.5000228
-1.500097333
-1.452117456
-1.499909635
-1.500071777
-1.500039595
-1.49997015
-1.485234199
-1.49999613
-1.413997936
-1.463160042
-1.499993015
-1.499944108
-1.499969125
-1.500078195
-1.499924375
-1.499922823
-1.500041714
-1.441752167
-1.392480955
-1.41246373
-1.500060736
-1.50004208
-1.417763593
-1.499911615
-1.341709168
-1.359666765
-1.500083299
-1.400366727
-1.466430754
-1.499996965
-1.432962016
-1.339069507
-1.500020188
-1.461392651
-1.500048824
-1.499951264
-1.367628987
-1.500071124
-1.500084877
-1.344455033
-1.416545477
-1.318946424
-1.484252497
-1.335895586
-1.487648823
-1.49388241
-1.499923729
-1.500077104
-1.499986734
-1.500001407
-1.499951536
-1.464061172
-1.468804755
-1.499931212
-1.499946955
-1.497228553
-1.498782219
-1.499913941
-1.5000391
-1.452484148
-1.500030856
-1.500016993
-1.500019118
-1.363845159
-1.471192954
-1.463678071
-1.411329938
-1.423526708
-1.499919172
-1.50002151
-1.500035437
-1.323188332
-1.500065607
-1.499953279
-1.500055205
-1.500065853
-1.500022465
-1.465467278
-1.500080267
-1.499972505
-1.413715958
-1.50002598
-1.500062686
-1.421787165
-1.482448477
-1.499968252
-1.500015448
-1.50005428
-1.436273552
-1.500029355
-1.49980713
-1.529577343
-1.500028824
-1.499855057
-1.500024485
-1.500014833
-1.500006697
-1.417050094
-1.484687671
-1.443149265
-1.500017843
-1.499965397
-1.499931689
-1.499970033
-1.421018231
-1.500041719
-1.500072674
-1.499931768
-1.484690988
-1.499947736
-1.499977373
-1.499994948
-1.49995881
-1.50002422
-1.486140453
-1.499993706
-1.500006541
-1.499995933
-1.499992536
-1.500112703
-1.499949405
-1.485726375
-1.500021872
-1.499990121
-1.407439153
-1.499981718
-1.499908047
-1.499956241
-1.500097978
-1.500011287
-1.439202707
-1.359510512
-1.49998851
-1.408862071
-1.499899596
-1.499917013
-1.499910299
-1.499987888
-1.473484185
-1.481626006
-1.500039458
-1.4931
-1.499982497
-1.512149741
-1.484976403
-1.476685731
-1.511081311
-1.500135284
-1.499979842
-1.499954292
-1.433558139
-1.500040636
-1.500135141
-1.499907211
-1.459288863
-1.39822265
-1.500003839
-1.479714788
-1.500013243
-1.415957012
-1.448526106
-1.50001448
-1.500087407
-1.497848752
-1.4296034
-1.500059573
-1.499980348
-1.499917768
-1.48423497
-1.499926082
-1.499873709
-1.375282738
-1.49999536
-1.471536424
-1.413564435
-1.500133797
-1.499940699
-1.418996097
-1.499983227
-1.350146878
-1.50005369
-1.476702708
-1.499918749
-1.500016103
-1.500040175
-1.500048288
-1.500071434
-1.43001021
-1.499917551
-1.499971486
-1.500077347
-1.500092366
-1.441793008
-1.499944771
-1.432605716
-1.423105629
-1.499989117
-1.500014421
-1.421845762
-1.4285435
-1.436436684
-1.461246933
-1.407366911
-1.499871362
-1.499905848
-1.500010621
-1.499910537
-1.498813778
-1.421461494
-1.444427381
-1.394541205
-1.50005844
-1.500072759
-1.499980913
-1.416030599
-1.500018333
-1.500040836
-1.50002997
-1.500045212
-1.389265118
-1.49997243
-1.366096706
-1.438985529
-1.500064498
-1.500024123
-1.345755778
-1.499978074
-1.500001076
-1.499904909
-1.499903608
-1.500089226
-1.499938686
-1.500080462
-1.500069895
-1.499874071
-1.500059938
-1.499991344
-1.481691045
-1.423294193
-1.409471099
-1.450691316
-1.500020172
-1.424406689
-1.499970095
-1.453758224
-1.38987236
-1.499863524
-1.500014508
-1.500100898
-1.499954852
-1.50009292
-1.50001892
-1.50009166
-1.499954649
-1.465411848
-1.458306999
-1.499963135
-1.500026092
-1.500016374
-1.500028419
-1.387260167
-1.499924495
-1.499998834
-1.500066407
-1.45161415
-1.42345776
-1.500049179
-1.493883351
-1.500034201
-1.500025748
-1.499892659
-1.493921268
-1.517020931
-1.499989283
-1.497775467
-1.456112292
-1.500054836
-1.490697877
-1.484027183
-1.50003656
-1.500060361
-1.412408375
-1.499884997
-1.499977918
-1.444680229
-1.476810823
-1.500002411
-1.499974311
-1.4999652
-1.494244495
-1.463324873
-1.499919854
-1.499939325
-1.500069441
-1.469896972
-1.498380558
-1.49998486
-1.500022723
-1.500060115
-1.499973452
-1.436806544
-1.499996366
-1.494691117
-1.44404686
-1.500053812
-1.459196437
-1.405317401
-1.499998167
-1.49996122
-1.499999606
-1.499903012
-1.499888878
-1.499970967
-1.499988044
-1.500012162
-1.415841936
-1.50000604
-1.499898622
-1.500038098
-1.500047706
-1.500070455
-1.500020343
-1.500015172
-1.499852316
-1.500029667
-1.452700912
-1.500012854
-1.499981894
-1.50011055
-1.500016708
-1.499868576
-1.500077961
-1.469699835
-1.500038492
-1.454059415
-1.466934272
-1.500088059
-1.490908805
-1.49239074
-1.499972395
-1.499988518
-1.500079935
-1.500014671
-1.500021323
-1.499941658
-1.499988273
-1.370766183
-1.484875098
-1.500047906
-1.49992933
-1.442485437
-1.49995733
-1.499953506
-1.417302029
-1.500048764
-1.500053995
-1.499979808
-1.423193764
-1.500147474
-1.500118862
-1.404615448
-1.499916806
-1.49642475
-1.368924843
-1.499988178
-1.3794476
-1.500000466
-1.499965652
-1.494949052
-1.499922254
-1.515634283
-1.499989028
-1.5000929
-1.476264054
-1.421174269
-1.499981159
-1.481523929
-1.410802405
-1.500025498
-1.480912024
-1.486025994
-1.49799829
-1.491897287
-1.499997368
-1.500041006
-1.499902282
-1.499939412
-1.499976818
-1.499966126
-1.500088767
-1.499949779
-1.441346937
-1.499990201
-1.499979004
-1.500016856
-1.481490013
-1.499951693
-1.500022808
-1.499997004
-1.499981527
-1.500068972
-1.439304237
-1.500044057
-1.499996386
-1.435942036
-1.500105476
-1.37427926
-1.500047339
-1.499935787
-1.499965554
-1.441752129
-1.46942338
-1.50004306
-1.498261784
-1.500073373
-1.499978082
-1.500053391
-1.390586841
-1.499983635
-1.499917179
-1.481761947
-1.499870568
-1.351875563
-1.396339537
-1.500124198
-1.415942463
-1.499936956
-1.500020041
-1.397539088
-1.510433805
-1.499990921
-1.500037458
-1.498301186
-1.419918771
-1.433581263
-1.425560606
-1.500035782
-1.494224687
-1.499973188
-1.478132901
-1.451877077
-1.499979439
-1.368411174
-1.499993413
-1.499968042
-1.500004805
-1.500134452
-1.500013563
-1.500031007
-1.430391786
-1.49995427
-1.5000117
-1.470928859
-1.50006183
-1.500042799
-1.499965329
-1.499988978
-1.499953779
-1.500049023
-1.498307138
-1.368567211
-0.661099514
-1.500089252
-1.469187293
-1.499967744
-1.499996873
-1.392307409
-1.499899178
-1.500081606
-1.499947504
-1.500089862
-1.501986256
-1.445535539
-1.499990077
-1.500001773
-1.499990738
-1.43193767
-1.417316473
-1.499939279
-1.494718644
-1.500167374
-1.438492941
-1.500127631
-1.499895323
-1.421861216
-1.422111054
-1.500001626
-1.499959321
-1.499931456
-1.499970462
-1.500070487
-1.321564639
-1.500091042
-1.408873346
-1.500041016
-1.499882982
-1.35552399
-1.499970522
-1.499967816
-1.499998638
-1.430102415
-1.500008149
-1.376311259
-1.499968776
-1.500007542
-1.459188114
-1.456965186
-1.462546461
-1.500091972
-1.496768308
-1.499996447
-1.500068159
-1.499904985
-1.499959742
-1.499995864
-1.500129
-1.482406151
-1.405976592
-1.490589963
-1.467254368
-1.428833071
-1.49987868
-1.521402117
-1.499856859
-1.470729843
-1.460094449
-1.499964346
-1.319406411
-1.500024955
-1.499952592
-1.499889131
-1.500068331
-1.49448682
-1.496951101
-1.499993129
-1.446401258
-1.500027079
-1.412718329
-1.41283919
-1.488382092
-1.500047784
-1.476807749
-1.499930491
-1.416908225
-1.498127835
-1.500022643
-1.500031631
-1.500104902
-1.42455928
-1.457653468
-1.499965719
-1.500032266
-1.500032017
-1.500006752
-1.465922842
-1.500041275
-1.500013463
-1.499898754
-1.495597866
-1.499951804
-1.500006259
-1.481417281
-1.371381064
-1.499904156
-1.467258647
-1.387190805
-1.499958144
-1.499958253
-1.500019446
-1.499983329
-1.499974917
-1.496254764
-1.493449504
-1.499952375
-1.429917306
-1.393749348
-1.448177544
-1.414667335
-1.500045242
-1.499927036
-1.499938709
-1.4999841
-1.499910127
-1.4999574
-1.500009289
-1.499985199
-1.499971021
-1.499957199
-1.459333739
-1.499939028
-1.49988634
-1.500075735
-1.500046609
-1.500035847
-1.499968229
-1.500026525
-1.459689939
-1.499946001
-1.497847802
-1.499985147
-1.500077322
-1.422322905
-1.469647039
-1.453243096
-1.499964559
-1.500125302
-1.417286563
-1.500065636
-1.453361615
-1.321787289
-1.509432512
-1.464924463
-1.453973882
-1.499922575
-1.500027572
-1.498253391
-1.43510918
-1.424866701
-1.466591445
-1.500088958
-1.499981824
-1.480551592
-1.499981932
-1.453848112
-1.395304683
-1.458031146
-1.499929727
-1.497107786
-1.499985495
-1.500049691
-1.500024206
-1.499965968
-1.499992265
-1.499973241
-1.4999601
-1.499873611
-1.499998782
-1.500060335
-1.350033511
-1.499971027
-1.499949929
-1.499978413
-1.500015322
-1.471322059
-1.471871901
-1.500002092
-1.500023362
-1.499883519
-1.406318603
-1.499962351
-1.499946662
-1.49996987
-1.50005113
-1.455497775
-1.499923582
-1.500044783
-1.499999243
-1.499979346
-1.46006966
-1.418278581
-1.500010683
-1.500099844
-1.500064801
-1.499827887
-1.499993028
-1.437547351
-1.499968785
-1.459741893
-1.410306249
-1.491906895
-1.499898212
-1.500042468
-1.500085944
-1.474339958
-1.49999509
-1.49659701
-1.499966935
-1.49998843
-1.441066226
-1.455603817
-1.393529798
-1.499925084
-1.500033637
-1.500043566
-1.499990872
-1.499900394
-1.499959075
-1.465226977
-1.500039674
-1.456631365
-1.500043304
-1.499904671
-1.467559757
-1.40133607
-1.500012544
-1.428759684
-1.453535994
-1.499947875
-1.507261045
-1.408403038
-1.499972869
-1.5173655
-1.502641038
-1.50007047
-1.499986272
-1.499985133
-1.505575229
-1.499960237
-1.46961359
-1.500028898
-1.500033137
-1.486424065
-1.478078497
-1.470091923
-1.508971115
-1.457891968
-1.500002586
-1.500050246
-1.423898354
-1.527453636
-1.359081372
-1.499964951
-1.434235713
-1.422608527
-1.500018768
-1.500004441
-1.500038098
-1.499994739
-1.532379555
-1.500041573
