-1.49756
-1.488355
-1.49868
-1.43528
-1.49056
-1.39759
-1.477715
-1.44643
-1.470215
-1.437615
-1.49457
-1.494695
-1.484505
-1.473755
-1.489285
-1.476855
-1.489875
-1.224775
-1.46747
-1.49339
-1.48143
-1.42842
-1.468075
-1.403105
-1.47364
-1.49354
-1.495325
-1.49868
-1.40772
-1.486095
-1.48786
-1.49384
-1.483735
-1.47474
-1.505875
-1.49028
-1.49082
-1.419985
-1.48672
-1.48405
-1.480415
-1.4156
-1.49684
-1.463335
-1.493465
-1.443905
-1.48582
-1.454665
-1.4925
-1.489085
-1.49284
-1.50021
-1.49152
-1.476295
-1.33976
-1.502275
-1.50132
-1.47635
-1.338265
-1.432565
-1.484425
-1.495005
-1.487845
-1.483645
-1.48665
-1.491985
-1.486175
-1.493635
-1.49695
-1.500785
-1.45315
-1.48526
-1.49997
-1.484325
-1.40682
-1.497495
-1.45884
-1.50343
-1.453015
-1.479225
-1.49422
-1.49472
-1.48816
-1.49572
-1.466445
-1.496755
-1.477195
-1.42048
-1.4782
-1.49941
-1.47523
-1.435125
-1.47352
-1.48927
-1.51099
-1.415025
-1.2642
-1.493455
-1.3046
-1.47235
-1.49757
-1.444445
-1.427515
-1.480355
-1.478065
-1.49667
-1.46857
-1.49151
-1.49319
-1.414645
-1.519965
-1.470225
-1.494005
-1.492735
-1.478535
-1.399995
-1.454805
-1.49853
-1.44287
-1.438685
-1.28775
-1.388065
-1.489685
-1.461625
-1.483565
-1.473045
-1.36699
-1.48779
-1.49747
-1.48449
-1.493355
-1.4903
-1.489655
-1.370325
-1.488325
-1.48362
-1.475885
-1.411415
-1.4912
-1.495815
-1.48246
-1.48488
-1.49297
-1.457275
-1.43418
-1.39704
-1.497025
-1.39897
-1.484375
-1.490285
-1.468005
-1.361335
-1.410675
-1.445465
-1.452585
-1.49068
-1.407765
-1.352175
-1.4939
-1.48166
-1.489715
-1.45877
-1.43094
-1.453145
-1.475005
-1.429575
-1.478685
-1.511705
-1.496595
-1.4502
-1.49504
-1.48389
-1.460445
-1.45676
-1.47968
-1.476155
-1.467475
-1.492965
-1.28761
-1.49187
-1.4813
-1.45876
-1.488785
-1.47979
-1.4911
-1.47693
-1.48726
-1.46525
-1.445555
-1.480535
-1.47483
-1.49463
-1.48466
-1.481995
-1.45853
-1.43173
-1.46888
-1.498625
-1.493
-1.49588
-1.494485
-1.42908
-1.492385
-1.377705
-1.506815
-1.462675
-1.48685
-0.649905
-1.472585
-1.476905
-1.487525
-1.482095
-1.48408
-1.482275
-1.49295
-1.48194
-1.496965
-1.492115
-1.437785
-1.48097
-1.45869
-1.482445
-1.5006
-1.49581
-1.451315
-1.503675
-1.41236
-1.44418
-1.297165
-1.46954
-1.484085
-1.50117
-1.491995
-1.48076
-1.481375
-1.49455
-1.494195
-1.49053
-1.491845
-1.48476
-1.476995
-0.753195
-1.486445
-1.403405
-1.4896
-1.50303
-1.469055
-1.4044
-1.488485
-1.474855
-1.49141
-1.496405
-1.500255
-1.3582
-1.500615
-1.50046
-1.45756
-1.49524
-1.47977
-1.481095
-1.40844
-1.464975
-1.46499
-1.479215
-1.493495
-1.50126
-1.493335
-1.488755
-1.483705
-1.37595
-1.49167
-1.46356
-1.49041
-1.434195
-1.483095
-1.46706
-1.50743
-1.491985
-1.49484
-1.49862
-1.48734
-1.48795
-1.50036
-1.472225
-1.470445
-1.48974
-1.481065
-1.44308
-1.480065
-1.490035
-1.501025
-1.486375
-1.48237
-1.49016
-1.34166
-1.49955
-1.483715
-1.49935
-1.494605
-1.46838
-1.472635
-1.46875
-1.485255
-1.489945
-1.484125
-1.443485
-1.488325
-1.372565
-1.496215
-1.478425
-1.470395
-1.36387
-1.507925
-1.44883
-1.492585
-1.49207
-1.492705
-1.484675
-1.4712
-1.49512
-1.46086
-1.43275
-1.44461
-1.47708
-1.494335
-1.484625
-1.47716
-1.4853
-1.488085
-1.458695
-1.42154
-1.49612
-1.496725
-1.471955
-1.285455
-1.504025
-1.183225
-1.49031
-1.49092
-1.30861
-1.49173
-1.49712
-1.452725
-1.469105
-1.477395
-1.49348
-1.48678
-1.50261
-1.36854
-1.48657
-1.483895
-1.49767
-1.472855
-1.48516
-1.496075
-1.49633
-1.221235
-1.4945
-1.49406
-1.49944
-1.443155
-1.42635
-1.491715
-1.46818
-1.488175
-1.433915
-1.46661
-1.4781
-1.493535
-1.486185
-1.490915
-1.492225
-1.47986
-1.4826
-1.497245
-1.497075
-1.41328
-1.47602
-1.4846
-1.4689
-1.45435
-1.490305
-1.438695
-1.441585
-1.131175
-1.2716
-1.49393
-1.487495
-1.450665
-1.45706
-1.411095
-1.494505
-1.495795
-1.38594
-1.474315
-1.45816
-1.446655
-1.488545
-1.491255
-1.495475
-1.49601
-1.493145
-1.492585
-1.48204
-1.438175
-1.468275
-1.496415
-1.493735
-1.456765
-1.440685
-1.484315
-1.467075
-1.497345
-1.48899
-1.495035
-1.403145
-1.42766
-1.499635
-1.48722
-1.42694
-1.490065
-1.488865
-1.42672
-1.504045
-1.46954
-1.490165
-1.490045
-1.4975
-1.47563
-1.462915
-1.495285
-1.457985
-1.47749
-1.495115
-1.494835
-1.49459
-1.486195
-1.459365
-1.481115
-1.4969
-1.48267
-1.48683
-1.47354
-1.501565
-1.419195
-1.489105
-1.504615
-1.50121
-1.49028
-1.497435
-1.483855
-1.49427
-1.48297
-1.459685
-1.482695
-1.49908
-1.32628
-1.492935
-1.474605
-1.49392
-1.48313
-1.464855
-1.49458
-1.48911
-1.4551
-1.494875
-1.444885
-1.48624
-1.49549
-1.48338
-1.490895
-1.42374
-1.473365
-1.42473
-1.447405
-1.503355
-1.44891
-1.46315
-1.45935
-1.49716
-1.45336
-1.474135
-1.364705
-1.499395
-1.49058
-1.48622
-1.386185
-1.4868
-1.5263
-1.502105
-1.48688
-1.479285
-0.66844
-1.472215
-1.49231
-1.492835
-1.49892
-1.49158
-1.50428
-1.498435
-1.48498
-1.48393
-1.384985
-1.467395
-1.499335
-1.48563
-1.498285
-1.49405
-1.48248
-1.47705
-1.492095
-1.49683
-1.4969
-1.458665
-1.47325
-1.47806
-1.3383
-1.401345
-1.49443
-1.39421
-1.500325
-1.483365
-1.456455
-1.29546
-1.41464
-1.48703
-1.495325
-1.47326
-1.45824
-1.49313
-1.46013
-1.499
-1.48137
-1.506055
-1.471505
-1.47518
-1.477115
-1.4983
-1.48552
-1.511035
-1.488655
-1.488695
-1.507005
-1.34777
-1.49464
-1.34833
-1.468775
-1.484915
-1.483745
-1.469625
-1.31203
-1.466435
-1.49329
-1.448595
-1.502675
-1.485945
-1.488055
-1.45556
-1.494065
-1.430255
-1.48867
-1.499155
-1.371735
-1.455615
-1.505245
-1.46364
-1.499995
-1.432535
-1.49277
-1.27287
-1.494355
-1.447535
-1.489605
-1.49034
-1.49731
-1.479145
-1.49665
-1.38358
-1.473405
-1.42361
-1.49591
-1.49349
-1.474
-1.49193
-1.48802
-1.45536
-1.484795
-1.497795
-1.480845
-1.484695
-1.50207
-1.4809
-1.48303
-1.13582
-1.470935
-1.491825
-1.490495
-1.487305
-1.40197
-1.493475
-1.471175
-1.479095
-1.493815
-1.49745
-1.48715
-1.487075
-1.404535
-1.500055
-1.49109
-1.479245
-1.497085
-1.48985
-1.47685
-1.46406
-1.43938
-1.488835
-1.49258
-1.487395
-1.455685
-1.48747
-1.483865
-1.434795
-1.44311
-1.33105
-1.49415
-1.49112
-1.451065
-1.48887
-1.4555
-1.452175
-1.501505
-1.493115
-1.458785
-1.299025
-1.48929
-1.416485
-1.49886
-1.52269
-1.479065
-1.49116
-1.49765
-1.510565
-1.4499
-1.47399
-1.48696
-1.281385
-1.49306
-1.44408
-1.457565
-1.489175
-1.370685
-1.47772
-1.49915
-1.428825
-1.483555
-1.464335
-1.49269
-1.46703
-1.453835
-1.49422
-1.44844
-1.49182
-1.502015
-1.496245
-1.493995
-1.50714
-1.40233
-1.4505
-1.487735
-1.46292
-1.44648
-1.486335
-1.458055
-1.47486
-1.499065
-1.45962
-1.11821
-1.282855
-1.48129
-1.46033
-1.500885
-1.49324
-1.49123
-1.4934
-1.47411
-1.460565
-1.503005
-1.47605
-1.47216
-1.49373
-1.4822
-1.46962
-1.4936
-1.46268
-1.491535
-1.491905
-1.484
-1.502785
-1.48966
-1.49815
-1.469575
-1.4806
-1.440955
-1.48689
-1.502
-1.439675
-1.356715
-1.480515
-1.482435
-1.49065
-1.434365
-1.48853
-1.49387
-1.48867
-1.470545
-1.42625
-1.4675
-1.488575
-1.488495
-1.483895
-1.492805
-1.48014
-1.4542
-1.45669
-1.48258
-1.489805
-1.49014
-1.504045
-1.479655
-1.356585
-1.48921
-1.487855
-1.500065
-1.489365
-1.475815
-1.4676
-1.47102
-1.49208
-1.50059
-1.449335
-1.48993
-1.39981
-1.47545
-1.500635
-1.49765
-1.487525
-1.4812
-1.499105
-1.498935
-1.483205
-1.49619
-1.46142
-1.483185
-1.44644
-1.485895
-1.4153
-1.49985
-1.489555
-1.30114
-1.49261
-1.4586
-1.264115
-1.497995
-1.50205
-1.47831
-1.4946
-1.499885
-1.502925
-1.512875
-1.486345
-1.47201
-1.48567
-1.490325
-1.44647
-1.466655
-1.49559
-1.49038
-1.478565
-1.41503
-1.495185
-1.484665
-1.4124
-1.505535
-1.496255
-1.476915
-1.50604
-1.474275
-1.49701
-1.49721
-1.495925
-1.47357
-1.503175
-1.493755
-1.49875
-1.492885
-1.45242
-1.498435
-1.493875
-1.408565
-1.498165
-1.41498
-1.50363
-1.475025
-1.469785
-1.492385
-1.49644
-1.197905
-1.484805
-1.47247
-1.476435
-1.495305
-1.299565
-1.447935
-1.499925
-1.457975
-1.49011
-1.49357
-1.499025
-1.186425
-1.490775
-1.44655
-1.476095
-1.48282
-1.49874
-1.488
-1.47643
-1.48249
-1.497865
-1.42993
-1.48183
-1.453845
-1.479555
-1.48177
-1.43996
-1.474035
-1.429165
-1.49073
-1.49771
-1.50021
-1.502815
-1.429765
-1.49026
-1.495015
-1.49954
-1.43025
-1.44586
-1.48466
-1.49292
-1.492775
-1.499755
-1.49842
-1.438875
-1.48559
-1.493085
-1.44114
-1.40129
-1.463455
-1.498995
-1.489145
-1.458715
-1.48754
-1.48478
-1.33672
-1.49736
-1.464405
-1.487945
-1.503705
-1.48973
-1.49929
-1.497155
-1.368555
-1.45362
-1.496245
-1.484725
-1.484525
-1.484025
-1.49918
-1.45072
-1.389675
-1.496635
-1.49664
-1.34735
-1.478725
-1.48962
-1.48602
-1.493225
-1.485015
-1.315865
-1.493215
-1.492085
-1.488345
-1.414375
-1.498515
-1.497715
-1.46821
-1.50496
-1.482045
-1.437115
-1.463185
-1.466195
-1.49109
-1.498985
-1.487475
-0.91212
-1.488995
-1.489565
-1.457585
-1.474565
-1.30107
-1.48218
-1.41626
-1.493635
-1.48516
-1.463335
-1.482155
-1.49055
-1.48744
-1.49795
-1.47801
-1.494525
-1.4838
-1.493145
-1.48397
-1.493865
-1.465365
-1.45414
-1.48553
-1.371745
-1.39934
-1.407145
-1.46795
-1.48662
-1.49484
-1.453525
-1.469305
-1.491585
-1.49465
-1.401515
-1.49382
-1.48826
-1.474605
-1.479555
-1.49947
-1.487845
-1.497505
-1.484305
-1.40808
-1.496275
-1.474
-1.485525
-1.46537
-1.492485
-1.491115
-1.47805
-1.4495
-1.478185
-1.501675
-1.480755
-1.495015
-1.48648
-1.479035
-1.48597
-1.50187
-1.45647
-1.48408
-1.487205
-1.489665
-1.502385
-1.49145
-1.488655
-1.485515
-1.480585
-1.45535
-1.49204
-1.481715
-1.46991
-1.487025
-1.458235
-1.46862
-1.49148
-1.455475
-1.47708
-1.50101
-1.375775
-1.49733
-1.49688
-1.46996
-1.495175
-1.4912
-1.48876
-1.48104
-1.46129
-1.438555
-1.48407
-1.48682
-1.453325
-1.497935
-1.450915
-1.47994
-1.490175
-1.473575
-1.48485
-1.499645
-1.4508
-1.493385
-1.48386
-1.473505
-1.401505
-1.49042
-1.49538
-1.46809
-1.474655
-1.48847
-1.45679
-1.170465
-1.490035
-1.48202
-1.457125
-1.467015
-1.464025
-1.468665
-1.48064
-1.495475
-1.456855
-1.49255
-1.485435
-1.50102
-1.48828
-1.477205
-1.489465
-1.470725
-1.487815
-1.49198
-1.36719
-1.45319
-1.494615
-1.4937
-1.457275
-1.49812
-1.511545
-1.438075
-1.495895
-1.50075
-1.472685
-1.49206
-1.478235
-1.49727
-1.427025
-1.4978
-1.501815
-1.48638
-1.49993
-1.39912
-1.501745
-1.444715
-1.482595
-1.31067
-1.45329
-1.493925
-1.441545
-1.49158
-1.46913
-1.49999
-1.26498
-1.48979
-1.492125
-1.49923
-1.487585
-1.49112
-1.25051
-1.492345
-1.47843
-1.4967
-1.487505
-1.49857
-1.498255
-1.486005
-1.47835
-1.457135
-1.498275
-1.466045
-1.47696
-1.45897
-1.468595
-1.35557
-1.496515
-1.484735
-1.474685
-1.48334
-1.19639
-1.471815
-1.471845
-1.47418
-1.48515
-1.482215
-1.495425
-1.48562
-1.425465
-1.471645
-1.47817
-1.495635
-1.44648
-1.504015
-1.46621
-1.48714
-1.493555
-1.42035
-1.405655
-1.49158
-1.49897
-1.47375
-1.486465
-1.443885
-1.49772
-1.4708
-1.462735
-1.48418
-1.489705
-1.48705
-1.489225
-1.500685
-1.47832
-1.472035
-1.492865
-1.49349
-1.49933
-1.482305
-1.48959
-1.489975
-1.453485
-1.460825
-1.46066
-1.4064
-1.496665
-1.49376
-1.463695
-1.47546
-1.50086
-1.48969
-1.47438
-1.493015
-1.481535
-1.49127
-1.48997
-1.488335
-1.486035
-1.502
-1.46396
-1.48748
-1.496415
-1.42435
-1.50311
-1.487915
-1.38404
-1.48752
-1.50119
-1.460865
-1.396055
-1.4867
-1.463755
-1.45523
-1.4964
-1.489115
-1.50021
-1.4796
-1.44721
-1.489105
-1.48611
-1.49791
-1.490415
-1.490245
-1.461135
-1.49347
-1.486645
-1.49382
-1.498145
-1.49682
-1.493125
-1.490505
-1.48414
-1.498635
-1.46873
-1.497675
-1.47561
-1.48192
-1.42746
-1.462405
-1.489785
-1.480275
-1.488705
-1.48827
-1.480185
-1.488
-1.49233
-1.50186
-1.49355
-1.470635
-1.481945
-1.43962
-1.48494
-1.42979
-1.47694
-1.46464
-1.38204
-1.49795
-1.47634
-1.49227
-1.48918
-1.41097
-1.492125
-1.490355
-1.477605
-1.07441
-1.486235
-1.499235
-1.390685
-1.48456
-1.48615
-1.464395
-1.4228
-1.48539
-1.44822
-1.490565
-1.502215
-1.4959
-1.466925
-1.49024
-1.475155
-1.49205
-1.444015
-1.480315
-1.475475
-1.496655
-1.4505
-1.491275
-1.36461
-1.440135
-1.44919
-1.48857
-1.424195
-1.470435
-1.481765
-1.47088
-1.45052
-1.49436
-1.482755
-1.48218
-1.4792
-1.499
-1.462375
-1.47957
-1.496705
-1.46092
-1.48795
-1.476515
-1.446115
-1.49579
-1.353365
-1.482015
-1.498045
-1.49844
-1.45656
-1.50316
-1.495745
-1.49101
-1.448895
-1.49001
-1.443395
-1.48845
-1.486685
-1.50873
-1.48944
-1.47053
-1.492335
-1.495765
-1.439035
-1.39712
-1.492335
-1.468425
-1.47722
-1.491715
-1.49352
-1.49699
-1.481105
-1.4826
-1.47946
-1.497255
-1.49224
-1.499475
-1.48147
-1.49884
-1.456165
-1.447015
-1.458865
-1.48151
-1.469465
-1.498145
-1.38456
-1.412405
-1.487775
-1.50374
-1.49206
-1.491995
-1.489755
-1.24004
-1.4658
-1.49486
-1.367435
-1.49398
-1.167905
-1.50107
-1.508725
-1.47374
-1.48176
-1.504625
-1.35668
-1.4635
-1.50148
-1.46658
-1.493425
-1.49441
-1.36745
-1.48949
-1.484495
-1.43533
-1.46313
-1.48386
-1.436765
-1.489165
-1.494135
-1.365605
-1.46986
-1.457215
-1.48762
-1.500985
-1.449755
-1.50211
-1.481465
-1.441965
-1.48601
-1.501345
-1.39998
-1.497505
-1.459885
-1.432205
-1.475245
-1.497965
-1.47898
-1.493775
-1.49752
-1.431885
-1.475575
-1.474895
-1.48947
-1.405795
-1.45642
-1.501595
-1.46107
-1.466745
1.349685
-1.498505
-1.470075
-1.468755
-1.480115
-1.470175
-1.483535
-1.49327
-1.485805
-1.494175
-1.471015
-1.457475
-1.331285
-1.463085
-1.478415
-1.49446
-1.494745
-1.3827
-1.375905
-1.489515
-1.4965
-1.50772
-1.49577
-1.469845
-1.480295
-1.501935
-1.454255
-1.48442
-1.49163
-1.491555
-1.48567
-1.50187
-1.500355
-1.46746
-1.490085
-1.401425
-1.475095
-1.480295
-1.458835
-1.496475
-1.47734
-1.49373
-1.486275
-1.46059
-1.496045
-1.49725
-1.47018
-1.441885
-1.48976
-1.4913
-1.49351
-1.487375
-1.4939
-1.498985
-1.496515
-1.47764
-1.45937
-1.477695
-1.48367
-1.4947
-1.47216
-1.454025
-1.49204
-1.414885
-1.491775
-1.43694
-1.423715
-1.5064
-1.49762
-1.49011
-1.494895
-1.492485
-1.48185
-1.493815
-1.45314
-1.491575
-1.315235
-1.48041
-1.478835
-1.482725
-1.48864
-1.47647
-1.49352
-1.48654
-1.443795
-1.502175
-1.486535
-1.485065
-1.489305
-1.497375
-1.484805
-1.49102
-1.450535
-1.463995
-1.49899
-1.45688
-1.48807
-1.48297
-1.43764
-1.484735
-1.47193
-1.49153
-1.500375
-1.459345
-1.45869
-1.491475
-1.49037
-1.493315
-1.49469
-1.46601
-1.499725
-1.50181
-1.482305
-1.494965
-1.49721
-1.478475
-1.50094
-1.385675
-1.499595
-1.4664
-1.443965
-1.45303
-1.49429
-1.29512
-1.452475
-1.49875
-1.428425
-1.48986
-1.49648
-1.46981
-1.467935
-1.495125
-1.496365
-1.483845
-1.434885
-1.491495
-1.47901
-1.50409
-1.496015
-1.462395
-1.44052
-1.49296
-1.44378
-1.488025
-1.48263
-1.490165
-1.49523
-1.484205
-1.4886
-1.385865
-1.483565
-1.506195
-1.440075
-1.493315
-1.43875
-1.49456
-1.499355
-1.47384
-1.27928
-1.495475
-1.451775
-1.483485
-1.315455
-1.468945
-1.49512
-1.39797
-1.46218
-1.46082
-1.48863
-1.510585
-1.47265
-1.493115
-1.495165
-1.49982
-1.502385
-1.489615
-1.480895
-1.484505
-1.502765
-1.518315
-1.486545
-1.51089
-1.48553
-1.49867
-1.49417
-0.436185
-1.49145
-1.490015
-1.49215
-1.49113
-1.488975
-1.490555
-1.46307
-1.490785
-1.46866
-1.487555
-1.48717
-1.499015
-1.484905
-1.447745
-1.4996
-1.403045
-1.48995
-1.46479
-1.49818
-1.468235
-1.488795
-1.444315
-1.093935
-1.283575
-1.414
-1.355815
-1.38694
-1.490095
-1.495105
-1.49637
-1.496815
-1.49922
-1.489085
-1.450625
-1.457625
-1.477225
-1.397855
-1.491655
-1.49242
-1.494485
-1.485955
-1.33271
-1.49234
-1.476885
-1.504505
-1.49854
-1.423355
-1.34154
-1.498125
-1.480725
-1.484755
-1.493085
-1.45013
-1.445505
-1.43234
-1.481175
-1.49859
-1.45433
-1.4836
-1.437985
-1.48788
-1.486455
-1.4888
-1.482875
-1.47394
-1.48698
-1.489595
-1.479335
-1.47435
-1.464
-1.49159
-1.10606
-1.464275
-1.47084
-1.48972
-1.48366
-1.486335
-1.49155
-1.390725
-1.495355
-1.509315
-1.480285
-1.356525
-1.479945
-1.50328
-1.51243
-1.493875
-1.188555
-1.489065
-1.44603
-1.47159
-1.32113
-1.4961
-1.476835
-1.4955
-1.5044
-1.437545
-1.492785
-1.48323
-1.493365
-1.48318
-1.473195
-1.49332
-1.48499
-1.472105
-1.469285
-1.491025
-1.48651
-1.49403
-1.486855
-1.46242
-1.495595
-1.47613
-1.498235
-1.495795
-1.496875
-1.41875
-1.503185
-1.49522
-1.501365
-1.48866
-1.48769
-1.4286
-1.49669
-1.48868
-1.46979
-1.46237
-1.48471
-1.445965
-1.49702
-1.49691
-1.491215
-1.4846
-1.490905
-1.38547
-1.50027
-1.47506
-1.46166
-1.48941
-1.489255
-1.453485
-1.49307
-1.46978
-1.4972
-1.469875
-1.495115
-1.46712
-1.486465
-1.48269
-1.46619
-1.46741
-1.492075
-1.337925
-1.48078
-1.48843
-1.446835
-1.495815
-1.47966
-1.46196
-1.464925
-1.47584
-1.48482
-1.40268
-1.48133
-1.43586
-1.46613
-1.49221
-1.46937
-1.49788
-1.45797
-1.50488
-1.49622
-1.50093
-1.502505
-1.4783
-1.43727
-1.47688
-1.50061
-1.482285
-1.48175
-1.436945
-1.479335
-1.47399
-1.51008
-1.46511
-1.485635
-1.489795
-1.47804
-1.50194
-1.44381
-1.484585
-1.48438
-1.44753
-1.457625
-1.482545
-1.45471
-1.434995
-1.492355
-0.847965
-1.497485
-1.484755
-1.489135
-1.50056
-1.501895
-1.27374
-1.406695
-1.494675
-1.46878
-1.48561
-1.46293
-1.50406
-1.49311
-1.464295
-1.486465
-1.48964
-1.48266
-1.4083
-1.481685
-1.477875
-1.433755
-1.495775
-1.476935
-1.491995
-1.497005
-1.492575
-1.48913
-1.435395
-1.49334
-1.46469
-1.498735
-1.424835
-1.49707
-1.5007
-1.401335
-1.320385
-1.440105
-1.469775
-1.498615
-1.445795
-1.44297
-1.44608
-1.305435
-1.49841
-1.489145
-1.534405
-1.368835
-1.492645
-1.49215
-1.4979
-1.49335
-1.46957
-1.4754
-1.46104
-1.47685
-1.49173
-1.49437
-1.43652
-1.49552
-1.48846
-1.480565
-1.501535
-1.48232
-1.49365
-1.47774
-1.438065
-1.486805
-1.49718
-1.499015
-1.49811
-1.49223
-1.48405
-1.49014
-1.49333
-1.487735
-1.5
-1.50116
-1.463315
-1.4956
-1.480715
-1.424675
-1.4612
-1.48903
-1.42933
-1.485905
-1.49172
-1.487225
-1.432195
-1.50385
-1.49187
-1.483525
-1.49755
-1.418315
-1.365965
-1.48939
-1.48928
-1.479455
-1.40319
-1.45435
-1.486255
-1.48399
-1.465375
-1.47924
-1.45124
-1.47619
-1.361825
-1.4929
-1.49446
-1.49541
-1.50053
-1.424995
-1.49083
-1.49491
-0.992045
-1.49516
-1.496645
-1.475235
-1.43369
-1.485325
-1.458495
-1.475845
-1.49438
-1.493585
-1.4985
-1.499445
-1.500745
-1.495495
-1.498385
-1.48615
-1.47706
-1.495675
-1.484285
-1.472225
-1.487885
-1.46259
-1.500255
-1.46872
-1.48259
-1.497635
-1.506
-1.472625
-1.448415
-1.426445
-1.480315
-1.486725
-1.493075
-1.44248
-1.489905
-1.484955
-1.48384
-1.505355
-1.48096
-1.504345
-1.496835
-1.498055
-1.47861
-1.497265
-1.48997
-1.44718
-1.489575
-1.47096
-1.498655
-1.495025
-1.51591
-1.478585
-1.502505
-1.39136
-1.477995
-1.484295
-1.47514
-1.50388
-1.49306
-1.498005
-1.370595
-1.49846
-1.49
-1.48768
-1.49359
-1.496595
-1.49336
-1.388935
-1.45178
-1.492265
-1.47697
-1.29246
-1.493905
-1.415045
-1.47425
-1.49908
-1.502125
-1.50108
-1.467215
-1.49363
-1.50024
-1.502885
-1.475055
-1.496965
-1.49413
-1.491265
-1.484315
-1.470155
-1.48711
-1.48988
-1.485275
-1.47242
-1.44118
-1.50634
-1.4637
-1.503225
-1.46936
-1.438005
-1.434175
-1.483765
-1.48703
-1.485695
-1.456935
-1.495295
-1.514235
-1.41689
-1.49145
-1.3787
-1.48951
-1.50052
-1.439085
-1.49654
-1.44787
-1.407255
-1.447795
-1.39046
-1.475305
-1.47413
-1.49545
-1.26561
-1.49312
-1.49646
-0.90352
-1.252385
-1.480205
-1.48533
-1.46764
-1.38717
-0.59235
-1.503185
-1.41962
-1.49023
-1.486985
-1.48396
-1.11276
-1.501645
-1.4896
-1.40272
-1.487505
-1.474035
-1.480575
-1.48515
-1.44176
-1.49861
-1.483455
-1.461355
-1.501695
-1.477655
-1.4997
-1.48423
-1.483455
-1.480285
-1.49322
-1.4735
-1.370625
-1.460395
-1.500075
-1.49514
-1.477895
-1.45899
-1.37578
-1.4729
-1.501975
-1.48612
-1.452335
-1.470025
-1.218995
-1.46017
-1.44268
-1.08961
-1.411855
-1.49716
-1.48322
-1.489535
-1.48713
-1.4923
-1.40679
-1.47978
-1.36096
-1.36845
-1.499245
-1.49773
-1.501215
-1.485935
-1.47044
-1.37322
-1.473875
-1.14362
-1.49424
-1.485385
-1.47711
-0.90503
-1.48614
-1.496215
-1.47454
-1.50047
-1.47214
-0.69556
-1.460205
-1.488905
-1.513405
-1.471305
-1.489425
-1.359175
-1.497625
-1.37571
-1.490505
-1.475845
-1.499065
-1.4832
-1.50693
-1.494735
-1.30546
-1.50516
-1.484645
-1.437495
-1.49178
-1.50002
-1.494185
-1.495275
-1.480745
-1.493135
-1.49395
-1.45287
-1.497575
-1.47281
-1.482345
-1.496335
-1.484865
-1.49104
-1.492805
-1.505785
-1.496455
-1.47916
-1.503625
-1.48876
-1.45094
-1.47629
-1.32133
-1.468605
-0.610865
-1.43345
-1.484135
-1.452075
-1.482975
-1.498785
-1.514075
-1.46993
-1.495725
-1.49202
-1.50125
-1.47808
-1.437825
-1.368215
-1.476715
-1.48825
-1.37061
-1.464245
-1.488155
-1.46236
-1.483615
-1.494365
-1.49065
-1.453695
-1.4958
-1.500555
-1.439375
-1.494705
-1.491975
-1.34785
-1.493435
-1.4945
-1.499135
-1.44437
-1.433225
-1.462225
-1.486735
-1.493465
-1.47816
-1.47356
-1.451845
-1.486415
-1.494125
-1.483595
-1.469105
-1.45803
-1.49148
-1.485675
-1.45239
-1.459585
-1.396025
-1.450495
-1.465365
-1.519295
-1.13605
-1.497625
-1.45376
-1.46543
-1.49463
-1.489655
-1.51611
-1.493345
-1.48019
-1.49439
-1.37433
-1.492655
-1.49187
-1.490325
-1.489725
-1.395165
-1.462605
-1.48709
-1.479895
-1.475925
-1.47852
-1.496915
-1.481495
-1.468595
-1.48539
-1.490525
-1.49404
-1.49123
-1.48839
-1.446215
-1.46697
-1.44307
-1.486965
-1.46912
-1.492835
-1.28409
-1.44995
-1.48343
-1.49757
-1.387665
-1.500915
-1.489535
-1.488535
-1.359645
-1.46983
-1.276775
-1.470215
-1.49147
-1.49047
-1.40654
-1.48216
-1.263375
-1.49111
-1.476905
-1.41132
-1.48031
-1.45008
-1.47812
-1.489175
-1.478875
-1.48411
-1.48721
-1.493635
-1.4987
-1.496005
-1.4604
-1.50122
-1.49834
-1.50044
-1.493525
-1.462715
-1.467075
-1.39384
-1.489795
-1.468205
-1.34478
-1.4397
-1.358925
-1.448845
-1.49783
-1.4646
-1.50198
-1.48305
-1.49382
-1.49242
-1.47714
-1.416385
-1.494245
-1.50552
-1.49789
-1.380255
-1.489265
-1.440665
-1.468245
-1.463675
-1.50314
-1.38788
-1.502855
-1.440635
-1.470085
-1.49986
-1.431335
-1.474805
-1.492885
-1.49662
-1.489525
-1.440185
-1.475745
-1.440395
-1.46681
-1.504315
-1.354295
-1.508915
-1.486145
-1.48945
-1.49818
-1.48559
-1.489415
-1.492855
-1.49229
-1.43946
-1.42069
-1.494495
-1.495075
-1.501485
-1.49851
-1.502135
-1.4654
-1.4899
-1.437785
-1.485325
-1.457155
-1.501745
-1.4706
-1.464895
-1.486795
-1.48545
-1.458205
-1.47205
-1.492705
-1.48107
-1.40817
-1.47598
-1.47148
-1.49424
-1.49144
-1.4987
-1.503185
-1.50953
-1.504325
-1.49717
-1.47885
-1.49927
-1.484145
-1.42215
-1.49043
-1.4656
-1.49583
-1.472405
-1.427855
-1.324135
-1.49459
-1.49967
-1.311275
-1.49146
-1.49838
-1.484345
-1.52168
-1.492095
-1.4933
-1.45813
-1.496355
-1.488785
-1.490215
-1.494435
-1.49154
-1.48721
-1.396815
-1.422255
-1.431635
-1.40214
-1.46491
-1.44976
-1.45694
-1.48509
-1.460905
-1.468785
-1.46679
-1.481955
-1.414235
-1.429305
-1.468845
-1.41575
-1.49138
-1.492715
-1.491505
-0.951785
-1.490295
-1.47468
-1.491075
-1.40923
-1.50065
-1.498575
-1.489715
-1.490585
-1.472415
-1.43616
-1.496025
-1.49033
-1.321035
-1.480955
-1.40388
-1.505155
-1.491525
-1.348955
-1.505535
-1.44162
-1.491945
-1.420145
-1.49168
-1.48124
-1.50178
-1.3896
-1.494025
-1.487205
-1.48116
-1.4806
-1.48278
-1.49393
-1.47558
-1.41181
-1.48855
-1.48938
-1.48363
-1.480085
-1.48031
-1.448465
-1.47772
-1.47445
-1.49479
-1.492355
-1.35651
-1.493945
-1.196055
-1.491665
-1.49587
-1.4601
-1.491225
-1.480255
-1.468825
-1.439525
-1.48677
-1.456685
-1.497555
-1.489105
-1.47447
-1.48431
-1.476005
-1.4727
-1.50445
-1.46626
-1.494595
-1.410685
-1.37041
-1.487225
-1.491715
-1.497735
-1.49497
-1.454425
-1.454045
-1.468165
-1.482265
-1.43407
-1.029155
-1.48482
-1.49553
-1.4735
-1.46374
-1.4801
-1.490695
-1.48944
-1.495795
-1.485185
-1.345425
-1.447895
-1.472135
-1.47865
-1.484015
-1.486215
-1.496715
-1.47873
-1.50352
-1.4956
-1.437595
-1.4606
-1.49891
-1.46761
-1.48396
-1.49983
-1.500685
-1.479245
-1.480015
-1.457055
-1.473745
-1.49505
-1.438525
-1.49933
-1.464165
-1.46982
-1.491015
-1.475255
-1.471515
-1.445475
-1.451175
-1.39116
-1.48275
-1.453335
-1.49413
-1.46544
-1.50787
-1.48588
-1.50311
-1.488955
-1.482645
-1.493945
-1.48171
-1.431905
-1.453075
-1.48905
-1.49764
-1.414095
-1.49101
-1.490215
-1.495905
-1.487145
-1.33074
-1.476575
-1.48426
-1.4072
-1.498415
-1.52596
-1.478745
-1.497555
-1.46241
-1.49432
-1.49822
-1.497275
-1.48991
-1.493795
-1.49608
-1.461185
-1.499155
-1.4981
-1.49585
-1.447315
-1.46302
-1.49166
-1.479545
-1.49046
-1.490765
-1.4928
-1.451135
-1.454245
-1.473635
-1.38398
-1.39501
-1.433495
-1.467285
-1.476235
-1.49043
-1.48774
-1.438865
-1.29881
-1.500585
-1.476425
-1.494995
-1.4936
-1.48348
-1.495605
-1.405765
-1.488005
-1.494165
-1.483875
-1.484665
-1.49422
-1.486705
-1.49373
-1.488445
-1.46899
-1.462295
-1.436605
-1.49256
-1.481975
-1.489435
-1.45572
-1.496595
-1.485035
-1.48532
-1.49382
-1.483785
-1.468255
-1.48926
-1.493775
-1.44267
-1.44834
-1.473855
-1.38873
-1.47747
-1.45551
-1.489815
-1.472615
-1.49921
-1.49759
-1.48107
-1.45869
-1.480435
-1.498445
-1.493695
-1.475205
-1.50074
-1.49261
-1.472105
-1.483835
-1.376885
-1.486855
-1.496355
-1.472055
-1.49852
-1.424445
-1.451045
-1.442115
-1.477775
-1.49663
-1.481325
-1.48297
-1.51262
-1.460355
-1.481465
-1.448625
-1.319505
-1.363335
-1.48615
-1.4989
-1.46565
-1.48243
-1.42058
-1.48448
-1.42531
-1.49947
-1.33242
-1.487225
-1.435525
-1.491025
-1.495025
-1.48379
-1.455585
-1.498665
-1.49071
-1.08851
-1.49936
-1.4941
-1.486315
-1.488795
-1.460695
-1.49627
-1.491325
-1.451275
-1.50537
-1.450455
-1.491765
-1.472685
-1.483555
-1.44867
-1.461125
-1.495125
-1.491455
-1.448195
-1.49147
-1.49646
-1.49495
-1.480945
-1.48472
-1.488995
-1.47959
-1.48956
-1.493325
-1.4938
-1.47716
-1.501275
-1.4882
-1.481885
-1.443275
-1.473005
-1.49408
-1.485875
-1.481455
-1.482615
-1.479895
-1.4863
-1.474475
-1.47811
-1.493335
-1.34494
-1.48844
-1.5015
-1.414985
-1.45306
-1.48287
-1.495585
-1.384855
-1.324105
-1.46729
-1.49984
-1.497325
-1.218905
-1.262455
-1.530795
-1.497355
-1.19619
-1.497735
-1.49151
-1.473035
-1.47819
-1.464135
-1.495905
-1.498475
-1.468775
-1.49856
-1.45691
-1.49346
-1.501865
-1.4929
-1.44515
-1.470505
-1.482415
-1.479615
-1.488055
-1.424965
-1.49841
-1.4465
-1.48423
-1.45606
-1.40596
-1.49276
-1.48458
-1.502185
-1.48665
-1.440145
-1.495335
-1.483615
-1.49171
-1.50162
-1.49587
-1.422095
-1.46141
-1.438095
-1.45513
-1.487175
-1.492285
-1.488805
-1.50345
-1.494075
-1.494975
-1.45983
-1.46727
-1.5031
-1.471305
-1.496105
-1.498515
-1.501855
-1.48932
-1.46784
-1.46325
-1.466255
-1.48138
-1.48099
-1.481735
-1.461235
-1.481675
-1.48453
-1.486745
-1.49845
-1.490365
-1.496305
-1.48071
-1.48083
-1.368375
-1.37798
-1.36738
-1.471345
-1.497835
-1.48905
-1.48657
-1.49036
-1.47931
-1.40384
-1.460205
-1.491325
-1.47201
-1.487555
-1.49983
-1.37358
-1.441555
-1.485405
-1.499335
-1.494895
-1.48657
-1.471405
-1.473695
-1.50005
-1.475335
-1.491625
-1.370505
-1.47393
-1.487235
-1.491785
-1.47428
-1.48637
-1.47951
-1.477045
-1.47751
-1.483735
-1.43596
-1.43195
-1.502075
-1.492165
-1.485985
-1.47565
-1.49039
-1.467185
-1.37918
-1.496255
-1.480725
-1.495505
-1.274825
-1.47586
-1.480255
-1.496225
-1.440755
-1.485645
-1.47066
-1.50561
-1.44187
-1.48591
-1.479285
-1.47764
-1.453905
-1.46576
-1.489885
-1.39093
-1.512315
-1.495805
-1.423365
-1.391475
-1.491105
-1.486385
-1.484695
-1.49425
-1.50437
-1.38532
-1.48222
-1.500125
-1.497585
-1.485625
-1.408505
-1.465745
-1.46698
-1.49252
-1.467225
-1.494935
-1.488605
-1.477215
-1.41868
-1.50356
-1.504205
-1.45467
-1.404635
-1.4892
-1.44852
-1.380895
-1.49594
-1.489585
-1.51641
-1.46921
-1.44425
-1.497835
-1.49084
-1.441865
-1.49608
-1.49036
-1.487915
-1.449175
-1.50074
-1.492585
-1.465025
-1.49042
-1.4893
-1.457935
-1.47667
-1.47677
-1.488065
-1.39705
-1.47891
-1.44421
-1.435555
-1.481875
-1.49635
-1.483125
-1.49635
-1.45392
-1.4771
-1.484605
-1.45224
-1.354595
-1.49101
-1.374785
-1.48183
-1.46767
-1.49062
-1.48351
-1.47631
-1.501025
-1.483585
-1.47645
-1.41903
-1.40924
-1.4901
-1.495115
-1.48363
-1.47857
-1.47366
-1.48617
-1.49979
-1.431645
-1.390135
-1.49527
-1.427895
-1.49729
-1.480005
-1.47041
-1.46948
-1.444765
-1.49569
-1.495775
-1.496285
-1.439465
-1.36486
-1.433015
-1.499215
-1.48466
-1.498595
-1.495295
-1.391935
-1.45579
-1.15753
-1.45021
-1.49984
-1.491015
-1.264015
-1.42826
-1.50092
-1.491625
-1.4618
-1.38983
-1.43699
-1.49529
-1.48651
-1.49258
-1.494895
-1.503455
-1.468735
-1.499915
-1.499345
-1.434245
-1.461375
-1.4774
-1.481365
-1.466405
-1.49727
-1.444995
-1.35382
-1.46331
-1.496775
-1.488595
-1.48831
-1.441425
-1.4077
-1.458145
-1.492925
-1.493995
-1.45405
-1.496335
-1.494425
-1.490845
-1.450525
-1.48887
-1.500155
-1.42632
-1.494135
-1.38939
-1.483595
-1.492735
-1.483245
-1.457605
-1.465725
-1.4853
-1.478995
-1.480245
-1.496435
-1.506575
-1.30662
-1.4059
-1.452465
-1.41166
-1.48174
-1.50002
-1.483575
-1.39791
-1.472215
-1.4967
-1.474615
-1.42514
-1.4843
-1.480395
-1.46926
-1.495915
-1.479595
-1.499455
-1.415255
-1.48965
-1.491745
-1.456085
-1.414825
-1.50175
-1.48831
-1.47571
-1.46456
-1.472025
-1.47069
-1.501265
-1.50517
-1.46728
-1.480645
-1.45151
-1.41089
-1.49608
-1.496795
-1.481775
-1.46456
-1.49339
-1.447775
-1.48557
-1.496075
-1.491245
-1.49354
-1.504675
-1.49262
-1.483085
-1.49443
-1.46506
-1.417925
-1.214905
-1.372685
-1.441225
-1.503985
-1.48564
-1.428735
-1.502885
-1.49283
-1.49189
-1.492885
-1.494295
-1.496005
-1.47357
-1.490605
-1.48217
-0.32744
-1.44873
-1.501125
-1.492095
-1.47364
-1.48816
-1.359035
-1.50086
-1.494575
-1.493025
-1.500235
-1.49944
-1.488285
-1.48793
-1.466315
-1.339735
-1.478465
-1.44799
-1.42159
-1.367565
-1.45142
-1.490615
-1.490905
-1.48276
-1.45986
-1.44643
-1.43422
-1.483935
-1.48617
-1.490705
-1.50008
-1.36765
-1.4448
-1.470225
-1.489635
-1.494615
-1.487005
-1.495825
-1.40887
-1.486495
-1.49175
-1.489385
-1.473335
-1.49446
0.208105
-1.47351
-1.489385
-1.4652
-1.478685
-1.47896
-1.490845
-1.448005
-1.49419
-1.512485
-1.483305
-1.48086
-1.47571
-1.497345
-1.468325
-1.408295
-1.448005
-1.498265
-1.49661
-1.478095
-1.492545
-1.477745
-1.49446
-1.489275
-1.49938
-1.45026
-1.477635
-1.496295
-1.48995
-1.49671
-1.501675
-1.496715
-1.50129
-1.487995
-1.461755
-1.507825
-1.490075
-1.47579
-1.490225
-1.48115
-1.48266
-1.28801
-1.48932
-1.495215
-1.468325
-1.48688
-1.494435
-1.438755
-1.48618
-1.493065
-1.428105
-1.499785
-1.493115
-1.467315
-1.48136
-1.475425
-1.415985
-1.425515
-1.492835
-1.330765
-0.547775
-1.46933
-1.46664
-1.48662
-1.48529
-1.4871
-1.4919
-1.472685
-1.484875
-1.496865
-1.502
-1.43104
-1.36581
-1.4774
-1.361625
-1.497425
-1.50007
-1.506445
-1.494575
-1.490385
-1.498575
-1.497165
-1.413125
-1.493065
-1.4497
-1.478645
-1.491125
-1.49585
-1.50127
-1.492845
-1.48612
-1.485
-1.43823
-1.21813
-1.467125
-1.482515
-1.46375
-1.499625
-1.44986
-1.438615
-1.49275
-1.45738
-0.500875
-1.49011
-1.46831
-1.50557
-1.503115
-1.437925
-1.504105
-1.491455
-1.48337
-1.47016
-1.46456
-1.48486
-1.49008
-1.461315
-1.4977
-1.29382
-1.49227
-1.484845
-1.498505
-1.38073
-1.488765
-1.457665
-1.511805
-1.479055
-1.46817
-1.46208
-1.495525
-1.48997
-1.489265
-1.501285
-1.41073
-1.49894
-1.45635
-1.49153
-1.490195
-1.491755
-1.452335
-1.48796
-1.43025
-1.49608
-1.473455
-1.479555
-1.504645
-1.47793
-1.43198
-1.49711
-1.493675
-1.398765
-1.49178
-1.5013
-1.43904
-1.461745
-1.444015
-1.496855
-1.49094
-1.412715
-1.460005
-1.490115
-1.48381
-1.42104
-1.43612
-1.50202
-1.458005
-1.495915
-1.462765
-1.21988
-1.19701
-1.500105
-1.50681
-1.46825
-1.4532
-1.38953
-1.447415
-1.50097
-1.482815
-1.47706
-1.500325
-1.41509
-1.468015
-1.49865
-1.494545
-1.445625
-1.47078
-1.482305
-1.49492
-1.4728
-1.498865
-1.423525
-1.4249
-1.47775
-1.49802
-1.47586
-1.4912
-1.414795
-1.486615
-1.483365
-1.430675
-1.49433
-1.507995
-1.488295
-1.497715
-1.489505
-1.47943
-1.509235
-1.493035
-1.48116
-1.480495
-1.369975
-1.472065
-1.499365
-1.474085
-1.494065
-0.995065
-1.47665
-1.48967
-1.47939
-1.47922
-1.49393
-1.492695
-1.501155
-1.49128
-1.48938
-1.46262
-1.4978
-1.500195
-1.46487
-1.299915
-1.490995
-1.50869
-1.49131
-1.498345
-1.46368
-1.48768
-1.485845
-1.49659
-1.497345
-1.497295
-1.495225
-1.47705
-1.49066
-1.4942
-1.49326
-1.46637
-1.487275
-1.4903
-1.442895
-1.492925
-1.419805
-1.5031
-1.435035
-1.50493
-1.46857
-1.496975
-1.501115
-1.460375
-1.497555
-1.48783
-1.49319
-1.45452
-1.48799
-1.49632
-1.47093
-1.434715
-1.484015
-1.4965
-1.314375
-1.45178
-1.42749
-1.493375
-1.48816
-1.49552
-1.45232
-1.48438
-1.376445
-1.486225
-1.232865
-1.48616
-1.49497
-1.479755
-1.50081
-1.497475
-1.497165
-1.256585
-1.4059
-1.36988
-1.48491
-1.40421
-1.210175
-1.482185
-1.494235
-1.42885
-1.46241
-1.48896
-1.50216
-1.50244
-1.477925
-1.402145
-1.40641
-1.447625
-1.46953
-1.472695
-1.51917
-1.487625
-1.471535
-1.48608
-1.49103
-1.462555
-1.433855
-1.466335
-1.41897
-1.41985
-1.49823
-1.494435
-1.45359
-1.41404
-1.4903
-1.48543
-1.48003
-1.502565
-1.45743
-1.493785
-1.486805
-1.446965
-1.46042
-1.487245
-1.49629
-1.472845
-1.42131
-1.30925
-1.485095
-1.4979
-1.49191
-1.456945
-1.49553
-1.513245
-1.488025
-1.46682
-1.46788
-1.488955
-1.472865
-1.41841
-1.492465
-1.48167
-1.47949
-1.36533
-1.496725
-1.49031
-1.47343
-1.48455
-1.458885
-1.46653
-1.458775
-1.49535
-1.47735
-1.4982
-1.497305
-1.483485
-1.49205
-1.41745
-1.4936
-1.493555
-1.48839
-1.44958
-1.49714
-1.501465
-1.47629
-1.414295
-1.46497
-1.459545
-1.4963
-1.48572
-1.48684
-1.450235
-1.47222
-1.507175
-1.50155
-1.496775
-1.48931
-1.48588
-1.483845
-1.41769
-1.40459
-1.486525
-1.483275
-1.47903
-1.474435
-1.41715
-1.4892
-1.48275
-1.436855
-1.49203
-1.489405
-1.525775
-1.50072
-1.48339
-1.49338
-1.493705
-1.46808
-1.490545
-1.49695
-1.48709
-1.49775
-1.50274
-1.469815
-1.49098
-1.49696
-1.502395
-1.48304
-1.494835
-1.462815
-1.484405
-1.3598
-1.495875
-1.52459
-1.48901
-1.48255
-1.457745
-1.401625
-1.506305
-1.50089
-1.490115
-1.49314
-1.498915
-1.49553
-1.48299
-1.490145
-1.47302
-1.48874
-1.470315
-1.474285
-1.48932
-1.492145
-1.498495
-1.411155
-1.48515
-1.433475
-1.489925
-1.488285
-1.356435
-1.493655
-1.460495
-1.49479
-1.41929
-1.50332
-1.4815
-1.49693
-1.3623
-1.48202
-1.397015
-1.201565
-1.461525
-1.494185
-1.40506
-1.390465
-1.495545
-1.29857
-1.478715
-1.482685
-1.363435
-1.406055
-1.218335
-1.491895
-1.37702
-1.47008
-1.46149
-1.49447
-1.488945
-1.470335
-1.49154
-1.46229
-1.411705
-1.415945
-1.48745
-1.461845
-1.42267
-1.466085
-1.488805
-1.50089
-1.446875
-1.46133
-1.50015
-1.49521
-1.476835
-1.493265
-1.431055
-1.494305
-1.502365
-1.424455
-1.50012
-1.453565
-1.488385
-1.47949
-1.449415
-1.297575
-1.49378
-1.475615
-1.45984
-1.49056
-1.5035
-1.449075
-1.486055
-1.397095
-1.424625
-1.49817
-1.48936
-1.477025
-1.46773
-1.466835
-1.448685
-1.504995
-1.491975
-1.456985
-1.520015
-1.502285
-1.42847
-1.47759
-1.45254
-1.482555
-1.30839
-1.46767
-1.488115
-1.498965
-1.48701
-1.491895
-1.50121
-1.49521
-1.495725
-1.468055
-1.48742
-1.453145
-1.44119
-1.42717
-1.490015
-1.403185
-1.480385
-1.491925
-1.45394
-1.49729
-1.483525
-1.501965
-1.455495
-1.47459
-1.48565
-1.4592
-1.48653
-1.47697
-1.493645
-1.490555
-1.444395
-1.489235
-1.44301
-1.22892
-1.3411
-1.47898
-1.48608
-1.49634
-1.45784
-1.49444
-1.4897
-1.49405
-1.48225
-1.461755
-1.477685
-1.420155
-1.43099
-1.478785
-1.493775
-1.465575
-1.299175
-1.477415
-1.485595
-1.476095
-1.495725
-1.49276
-1.48604
-1.50219
-1.493915
-1.47281
-1.50338
-1.36818
-1.438185
-1.478335
-1.48699
-1.488295
-1.45771
-1.4648
-1.490745
-1.49351
-1.478855
-1.48233
-1.50049
-1.4478
-1.32517
-1.47415
-1.445875
-1.480035
-1.48359
-1.478065
-1.45827
-1.47926
-1.464585
-1.47882
-1.447335
-1.499865
-1.4355
-1.476595
-1.49835
-1.47421
-1.38315
-1.485925
-1.49093
-1.500435
-1.48832
-1.49928
-1.486
-1.50062
-1.485865
-1.485675
-1.4731
-1.48615
-1.477245
-1.44262
-1.495295
-1.5
-1.490705
-1.504355
-1.48559
-1.468145
-1.487455
-1.472875
-1.26257
-1.413165
-1.470235
-1.43434
-1.353815
-1.490945
-1.451695
-1.496805
-1.486715
-1.455295
-1.4717
-1.472645
-1.480415
-1.497075
-1.46965
-1.47155
-1.47307
-1.475645
-1.497075
-1.47464
-1.45111
-1.491845
-1.474995
-1.32238
-1.435265
-1.36343
-1.48902
-1.47399
-1.441595
-1.49804
-1.436175
-1.49476
-1.475335
-1.487635
-1.48746
-1.460865
-1.38729
-1.43744
-1.49485
-1.40055
-1.47695
-1.498505
-1.50006
-1.49902
-1.45908
-1.496575
-1.509515
-1.495795
-1.49963
-1.50364
-1.469925
-1.48891
-1.488735
-1.50437
-1.50243
-1.461635
-1.487895
-1.483915
-1.47475
-1.36571
-1.4807
-1.45189
-1.4952
-1.465155
-1.49175
-1.496835
-1.484575
-1.48474
-1.48844
-1.46767
-1.498675
-1.48976
-1.474465
-1.496515
-1.463245
-1.5022
-1.465035
-1.488305
-1.504995
-1.470735
-1.48528
-1.48887
-1.45089
-1.49191
-1.39925
-1.398495
-1.48825
-1.451095
-1.484755
-1.500035
-1.48302
-1.250925
-1.505215
-1.46806
-1.44689
-1.43763
-1.49394
-1.49148
-1.434165
-1.487275
-1.27201
-1.4276
-1.38183
-1.401595
-1.481175
-1.473145
-1.40905
-1.470775
-1.44135
-1.461775
-1.498265
-1.44934
-1.456465
-1.495025
-1.49042
-1.49939
-1.499665
-1.49072
-1.50213
-1.49544
-1.362995
-1.48982
-1.484685
-1.4811
-1.45959
-1.49647
-1.48461
-1.50144
-1.47733
-1.461315
-1.455115
-1.48948
-1.484895
-1.482755
-1.48867
-1.49679
-1.48959
-1.45839
-1.495075
-1.49892
-1.4474
-1.359115
-1.493605
-1.463085
-1.49105
-1.451875
-1.470155
-1.410415
-1.50688
-1.473435
-1.476485
-1.494075
-1.46152
-1.48804
-1.498005
-1.47396
-1.489125
-1.093005
-1.49605
-1.500345
-1.377875
-1.431535
-1.49461
-1.448715
-1.470535
-1.497825
-1.295895
-1.499355
-1.476855
-1.45845
-1.486005
-1.486275
-1.497715
-1.482825
-1.481025
-1.482495
-1.470185
-1.497585
-1.482135
-1.4969
-1.17294
-1.48937
-1.48936
-1.47345
-1.483275
-1.46275
-1.406495
-1.473385
-1.494885
-1.46475
-1.47873
-1.476365
-1.36338
-1.4504
-1.45318
-1.49057
-1.37173
-1.44991
-1.46935
-1.51846
-1.495265
-1.48717
-1.427995
-1.470905
-1.47641
-1.01928
-1.504045
-1.482905
-1.461165
-1.45588
-0.80274
-1.497745
-1.19349
-1.47292
-1.45273
-1.377075
-1.36024
-1.4785
-1.496445
-1.501105
-1.429365
-1.48452
-1.383155
-1.460725
-1.505735
-1.49575
-1.49724
-1.502635
-1.456555
-1.37469
-1.49838
-1.478385
-1.307975
-1.481675
-1.372335
-1.49928
-1.49861
-1.494055
-1.486795
-1.495125
-1.2977
-1.427345
-1.485235
-1.47898
-1.48944
1.10379
-1.47371
-1.468495
-1.43298
-1.498505
-1.4552
-1.48306
-1.47407
-1.482465
-1.47437
-1.493365
-1.50028
-1.505645
-1.477995
-1.383925
-1.39088
-1.46883
-1.48967
-1.35469
-1.46953
-1.46783
-1.48669
-1.457275
-1.382485
-1.446035
-1.48958
-1.4999
-1.493625
-1.493535
-1.476505
-0.55405
-1.46298
-1.491365
-1.463535
-1.47432
-1.473145
-1.48392
-1.49746
-1.386475
-1.50451
-1.484095
-1.486055
-1.47895
-1.47707
-1.446055
-1.471725
-1.460945
-1.466735
-1.48304
-1.4629
-1.479435
-1.34492
-1.400065
-1.54347
-1.49684
-1.49427
-1.426525
-1.491505
-1.497015
-1.500005
-1.475345
-1.47531
-1.47689
-1.45191
-1.46039
-1.392035
-1.487095
-1.47053
-1.50018
-1.48736
-1.48949
-1.49469
-1.34986
-1.427655
-1.463625
-1.478485
-1.370665
-1.482465
-1.50342
-1.48765
-1.452485
-1.48435
-1.492965
-1.48033
-1.201665
-1.484445
-1.381435
-1.49038
-1.49837
-1.48138
-1.44229
-1.47764
-1.49121
-1.47823
-1.49718
-1.461055
-1.47179
-1.4777
-1.48921
-1.473285
-1.45677
-1.48502
-1.494255
-1.479135
-1.482845
-1.37642
-1.48653
-1.471775
-1.500285
-1.487375
-1.50295
-1.49465
-1.49626
-1.49216
-1.3959
-1.399205
-1.473215
-1.486835
-1.48506
-1.487425
-1.4909
-1.489425
-1.433125
-1.492775
-1.487385
-1.474855
-1.268395
-1.491655
-1.445815
-1.478385
-1.495035
-1.484125
-1.495675
-1.48965
-1.499635
-1.494985
-1.36144
-1.45595
-1.498445
-1.48774
-1.45957
-1.48258
-1.49222
-1.452015
-1.408545
-1.457665
-0.950105
-1.44058
-1.456425
-1.45952
-1.496425
-1.429905
-1.487745
-1.48568
-1.49646
-1.488515
-1.420435
-1.470985
-1.495285
-1.431465
-1.50031
-1.464335
-1.49244
-1.476905
-1.227645
-1.31466
-1.480575
-1.480025
-1.42905
-1.478565
-1.332045
-1.483315
-1.48557
-1.497025
-1.472755
-1.48173
-1.284065
-1.379345
-1.4385
-1.473365
-1.48531
-1.49222
-1.468105
-1.49798
-1.40726
-1.47597
-1.497245
-1.359175
-1.42557
-1.461565
-1.429925
-1.482525
-1.47346
-1.360355
-1.49927
-1.407125
-1.48275
-1.42779
-1.491175
-1.42761
-1.485375
-1.47081
-1.47365
-1.495575
-1.483065
-1.493
-1.49452
-1.48568
-1.50202
-1.47331
-1.50008
-1.44791
-1.45208
-1.50043
-1.4901
-1.512555
-1.376735
-1.47683
-1.49478
-1.493335
-1.519905
-1.492185
-1.4649
-1.46557
-1.49405
-1.489955
-1.48886
-1.46777
-1.49593
-1.38635
-1.488595
-1.475935
-1.420715
-1.49126
-1.490475
-1.49538
-1.487945
-1.486565
-1.49369
-1.494835
-1.50207
-1.50296
-1.45611
-1.488975
-1.49887
-1.500145
-1.500675
-1.49381
-1.5045
-1.464
-1.496885
-1.37057
-1.44572
-1.456525
-1.492375
-1.49521
-1.49735
-1.32618
-1.505075
-1.47168
-1.476355
-1.50203
-1.447945
-1.47709
-1.480325
-1.481365
-1.4768
-1.4608
-1.496665
-1.48846
-1.465465
-1.49642
-1.496115
-1.495275
-1.49141
-1.463305
-1.503385
-1.48365
-1.48889
-1.50023
-1.475215
-1.473245
-1.49687
-1.37932
-1.48864
-1.456675
-1.49002
-1.277115
-1.464325
-1.428165
-1.488605
-1.488255
-1.497845
-1.12626
-1.345605
-1.47908
-1.49396
-1.4892
-1.482865
-1.497885
-1.49166
-1.506405
-1.499605
-1.41344
-1.48979
-1.489385
-1.502305
-1.503685
-1.474955
-1.325705
-1.478055
-1.35995
-1.44368
-1.341035
-1.49461
-1.48413
-1.490235
-1.480125
-1.49042
-1.482225
-1.461155
-1.456845
-1.4639
-1.500145
-1.501675
-1.465525
-1.409785
-1.463595
-1.47478
-1.50216
-1.45503
-1.489285
-1.495455
-1.31279
-1.460365
-1.391855
-1.48826
-1.47599
-1.49626
-1.48569
-1.48369
-1.4904
-1.501185
-1.484535
-1.450405
-1.443015
-1.49344
-1.478875
-1.48962
-1.47394
-1.40224
-1.485535
-1.493965
-1.485085
-1.484825
-1.496755
-1.380605
-1.488995
-1.493195
-1.49881
-1.490755
-1.48931
-1.457455
-1.51166
-1.48662
-1.4939
-1.448615
-1.486005
-1.342925
-1.42904
-1.49887
-1.401195
-1.480605
-1.49418
-1.47773
-1.49216
-1.282915
-1.493505
-1.49691
-1.49934
-1.472995
-1.33657
-1.471
-1.498285
-1.483655
-1.48601
-1.422455
-1.463555
-1.449325
-1.49446
-1.500785
-1.344865
-1.49734
-1.45943
-1.32525
-1.504275
-1.48831
-1.49127
-1.50298
-1.492175
-1.49569
-1.482555
-1.47912
-1.46276
-1.45077
-1.37842
-1.50023
-1.485515
-1.490405
-1.49257
-1.453885
-1.394
-1.48702
-1.490425
-1.49884
-1.45276
-1.35079
-1.48414
-1.46941
-1.392195
-1.430585
-1.490765
-1.47344
-1.43683
-1.26835
-1.44854
-1.49674
-1.499475
-1.492305
-1.498935
-1.4972
-1.390645
-1.496545
-1.491865
-1.465625
-1.4893
-1.47897
-1.49661
-1.255635
-1.42678
-1.496685
-1.486025
-1.48847
-1.458955
-1.39859
-1.43903
-1.48905
-1.498205
-1.473025
-1.49449
-1.495575
-1.500175
-1.490765
-1.489445
-1.461125
-1.495275
-1.487035
-1.49628
-1.48861
-1.44978
-1.45816
-1.46838
-1.485745
-1.497615
-1.325035
-1.49665
-1.500755
-1.494815
-1.495235
-1.495735
-1.472245
-1.493785
-1.47337
-1.484105
-1.47317
-1.491835
-1.50124
-1.48202
-0.844685
-1.485495
-1.4805
-1.39725
-1.481575
-1.47697
-1.49502
-1.491475
-1.445015
-1.49522
-1.487855
-1.499175
-1.439385
-1.490145
-1.4559
-1.48959
-1.46346
-1.44348
-1.483235
-1.44303
-1.500965
-1.46896
-1.49384
-1.4705
-1.489375
-1.474375
-1.493215
-1.42891
-1.510565
-1.458355
-1.499985
-1.45403
-1.47396
-1.48559
-1.49532
-1.500975
-1.45111
-1.03531
-1.49272
-1.43337
-1.36543
-1.45739
-1.4994
-1.497385
-1.49231
-1.49401
-1.4309
-1.42591
-1.47025
-1.46148
-1.440665
-1.485075
-1.45683
-1.442025
-1.475675
-1.497775
-1.4611
-1.49216
-1.501995
-1.498045
-1.47625
-1.46428
-1.492575
-1.496375
-1.469095
-1.50063
-1.46723
-1.49669
-1.35871
-1.49792
-1.49558
-1.5083
-1.48459
-1.489505
-1.37751
-1.48017
-1.400135
-1.492225
-1.438315
-1.465905
-1.471745
-1.47165
-1.493465
-1.29318
-1.482695
-1.486865
-1.212415
-1.47122
-1.489085
-1.35379
-1.490695
-1.489965
-1.489045
-1.42473
-1.49054
-1.498665
-1.47038
-1.48983
-1.485885
-1.401565
-1.488795
-1.496135
-1.482725
-1.50208
-1.452085
-1.449015
-1.441285
-1.40179
-1.49944
-1.45777
-1.42795
-1.489535
-1.49164
-1.491645
-1.48896
-1.497425
-1.400535
-1.494505
-1.478095
-1.43758
-1.46937
-1.36445
-1.49393
-1.493265
-1.46425
-1.511335
-1.461995
-1.4983
-1.48076
-1.496485
-1.49618
-1.457195
-1.48404
-1.481145
-1.490615
-1.492075
-1.48394
-1.485595
-1.503955
-1.480215
-1.494915
-1.49443
-1.37332
-1.496465
-1.49648
-1.482675
-1.48566
-1.50055
-1.495295
-1.461315
-1.504105
-1.48842
-1.483155
-1.472645
-1.49133
-1.457335
-1.46284
-1.4972
-1.48536
-1.451905
-1.494555
-1.491265
-1.49366
-1.440085
-1.47489
-1.437325
-1.466845
-1.46732
-1.4906
-1.487875
-1.409685
-1.428485
-1.4194
-1.49522
-1.490365
-1.480795
-1.48846
-1.47642
-1.4978
-1.50376
-1.477995
-1.477115
-1.48519
-1.458125
-1.44161
-1.488815
-1.48424
-1.483395
-1.40784
-0.69153
-1.49268
-1.490505
-1.486775
-1.488695
-1.498065
-1.4994
-1.475945
-1.487355
-1.43627
-1.498615
-1.49364
-1.493525
-1.4837
-1.49739
-1.48266
-1.486675
-1.485485
-1.479325
-1.48902
-1.504845
-1.48959
-1.49234
-1.468345
-1.494235
-1.475095
-1.490125
-1.498855
-1.488245
-1.433455
-1.48833
-1.489975
-1.45766
-1.416445
-1.48679
-1.49669
-1.49127
-1.48048
-1.427865
-1.50379
-1.393595
-1.492645
-1.48677
-1.49878
-1.49284
-1.474685
-1.49676
-1.48114
-1.454895
-1.214445
-1.528165
-1.501015
-1.47786
-1.486865
-1.50225
-1.46299
-1.48795
-1.484425
-1.46074
-1.494215
-1.476805
-1.49647
-1.490355
-1.486225
-1.502245
-1.493805
-1.443665
-1.49762
-1.24817
-1.48664
-1.494425
-1.492315
-1.438295
-1.48418
-1.499575
-1.49664
-1.500635
-1.49796
-1.500795
-1.488095
-1.50076
-1.490425
-1.49472
-1.498
-1.465065
-1.419555
-1.452315
-1.4858
-1.4932
-1.49396
-1.49555
-1.481005
-1.474685
-1.484555
-1.474905
-1.472065
-1.535155
-1.500255
-1.47017
-1.448345
-1.470975
-1.483615
-1.452565
-1.486485
-1.50173
-1.498025
-1.424845
-1.495485
-1.49938
-1.489645
-1.497885
-1.484895
-1.47155
-1.49423
-1.496165
-1.49599
-1.498985
-1.414625
-1.487345
-1.502325
-0.461705
-1.494205
-1.506705
-1.478025
-1.48532
-1.503585
-1.49104
-1.415985
-1.481515
-1.495555
-1.49474
-1.411585
-1.48164
-1.46866
-1.46209
-1.453055
-1.471055
-1.37887
-1.49364
-1.50294
-1.492225
-1.469425
-1.502035
-1.453735
-1.48731
-1.404775
-1.49722
-1.464475
-1.490645
-1.40121
-1.501275
-1.48988
-1.48829
-1.473475
-1.48192
-1.499035
-1.414435
-1.49635
-1.45868
-1.49502
-1.493215
-1.489875
-1.496215
-1.495895
-1.48759
-1.499165
-1.49297
-1.492555
-1.483785
-1.496645
-1.496245
-1.48383
-1.44796
-1.484625
-1.41004
-1.490225
-1.441035
-1.453005
-1.27754
-1.46943
-1.49749
-1.49149
-1.44076
-1.475575
-1.492845
-1.478895
-0.604755
-1.267845
-1.36705
-1.47404
-1.499605
-1.34598
-1.471385
-1.490765
-1.413675
-1.447035
-1.49129
-1.495845
-1.48184
-1.48018
-1.435165
-1.397775
-1.48066
-1.46886
-1.49706
-1.491765
-1.486255
-1.492895
-1.494085
-1.486555
-1.507485
-1.47776
-1.484925
-1.343
-1.48173
-1.427725
-1.495035
-1.49214
-1.49489
-1.470755
-1.359245
-1.48798
-1.48273
-1.48893
-1.498935
-1.47995
-1.42646
-1.46276
-1.46638
-1.50097
-1.469995
-1.486
-1.49323
-1.49412
-1.466585
-1.50139
-1.457375
-1.42638
-1.47813
-1.450675
-1.49903
-1.476455
-1.49474
-1.372485
-1.485665
-1.496205
-1.439665
-1.493645
-1.490115
-1.46502
-1.489975
-1.49173
-1.488345
-1.464035
-1.48555
-1.487385
-1.43535
-1.48277
-1.4961
-1.492195
-1.467605
-1.47816
-1.37566
-1.45882
-1.49581
-1.468745
-1.48369
-1.33703
-1.482035
-1.457695
-1.500005
-1.47191
-1.48744
-1.474715
-1.4436
-1.46764
-1.49811
-1.430625
-1.491595
-1.464985
-1.478905
-1.413945
-1.481835
-1.46902
-1.334235
-1.49605
-1.482105
-1.483225
-1.47652
-1.397145
-1.461545
-1.49722
-1.43267
-1.49081
-1.500305
-1.48667
-1.4312
-1.47168
-1.36477
-1.487555
-1.451685
-1.41569
-1.364005
-1.337635
-1.44211
-1.457575
-1.385415
-1.49973
-1.48629
-1.49194
-1.498655
-1.4929
-1.48503
-1.46474
-1.14568
-1.48896
-1.43354
-1.48497
-1.49359
-1.4969
-1.499215
-1.479595
-1.47347
-1.460905
-1.496455
-1.497635
-1.483765
-1.441455
-1.504625
-1.441625
-1.486005
-1.35105
-1.018555
-1.50203
-1.505885
-1.507455
-1.488845
-1.434155
-1.503815
-1.430375
-1.49082
-1.479975
-1.410445
-1.487615
-1.472605
-1.495495
-1.462745
-1.50093
-1.49057
-1.49617
-1.2414
-1.452435
-1.494875
-1.484455
-1.34254
-1.468145
-1.457375
-1.487295
-1.40025
-1.48251
-1.47707
-1.48856
-1.472225
-1.426185
-1.49977
-1.47893
-1.484385
-1.470465
-1.413835
-1.49668
-1.513115
-1.486675
-1.38131
-1.478815
-1.490735
-1.46658
-1.486095
-1.39067
-1.47347
-1.46828
-1.484955
-1.478125
-1.49217
-1.510125
-1.488035
-1.501
-1.494895
-1.4942
-1.486555
-1.448595
-1.49486
-1.469405
-1.49442
-1.439715
-1.474155
-1.347785
-1.448685
-1.4353
-1.29671
-1.51471
-1.49164
-1.43199
-1.52331
-1.383465
-1.49643
-1.484295
-1.498285
-1.49425
-1.477935
-1.424545
-1.478305
-1.477185
-1.492965
-1.499315
-1.506185
-1.50498
-1.491175
-1.090545
-1.451665
-1.487225
-1.482085
-1.50215
-1.437125
-1.48198
-1.44064
-1.493565
-1.392115
-1.47658
-1.48583
-1.49826
-1.415525
-1.4993
-1.387315
-1.50216
-1.37984
-1.467165
-1.49263
-1.49525
-1.493255
-1.419595
-1.48225
-1.312225
-1.49106
-1.496185
-1.465755
-1.482715
-1.48091
-1.4995
-1.423365
-1.497165
-1.436275
-1.47829
-1.436485
-1.49629
-1.442365
-1.455125
-1.4573
-1.4831
-1.45518
-1.491605
-1.45766
-1.46098
-1.458435
-1.44896
-1.46334
-1.478935
-1.455685
-1.48623
-1.49342
-1.486735
-1.470735
-1.479355
-1.487855
-1.45531
-1.4588
-1.490745
-1.498935
-1.43912
-1.469175
-1.485275
-1.498155
-1.4841
-1.484365
-1.45935
-1.454005
-1.48913
-1.494845
-1.50208
-1.492635
-1.48634
-1.33208
-1.475885
-1.49632
-1.49504
-1.47815
-1.497665
-1.469695
-1.50117
-1.4712
-1.50738
-1.49179
-1.48801
-1.47642
-1.473525
-1.45845
-1.49642
-1.419295
-1.48482
-1.48364
-1.46682
-1.47907
-1.498455
-1.357545
-1.46831
-1.472485
-1.384975
-1.502735
-1.439685
-1.499235
-1.423125
-1.253135
-1.414645
-1.484845
-1.4864
-1.501755
-1.435375
-1.495785
-1.484955
-1.49177
-1.106755
-1.48331
-1.497835
-1.49279
-1.52384
-1.404365
-1.48623
-1.50056
-1.483485
-1.493935
-1.481175
-1.42156
-1.478035
-1.435135
-1.463865
-1.431905
-1.502915
-1.4963
-1.429375
-1.499185
-1.469825
-1.463775
-1.49239
-1.441115
-1.506795
-1.480405
-1.490395
-1.49269
-1.484715
-1.478485
-1.500505
-1.488905
-1.256845
-1.499155
-1.487375
-1.480045
-1.452175
-1.50226
-1.489775
-1.50016
-1.487485
-1.485265
-1.381075
-1.478825
-1.487905
-1.49634
-1.484345
-1.494245
-1.387005
-1.49513
-1.484975
-1.474725
-1.499055
-1.490705
-1.498435
-1.470875
-1.493905
-1.49189
-1.461815
-1.489125
-1.49552
-1.479075
-1.46461
-1.393035
-1.396575
-1.493065
-1.489825
-1.460035
-1.45405
-1.45539
-1.462925
-1.48569
-1.47595
-1.43492
-1.48316
-1.505985
-1.469
-1.48151
-1.483945
-1.4791
-1.49687
-1.38658
-1.459695
-1.500085
-1.45053
-1.489005
-1.492235
-1.42679
-1.49723
-1.49863
-1.49242
-1.49108
-1.48938
-1.50142
-1.454025
-1.4957
-1.488415
-1.472795
-1.497955
-1.312615
-1.492935
-1.49762
-1.489255
-1.493855
-1.206145
-1.48284
-1.4549
-1.499345
-1.477405
-1.46671
-1.50057
-1.49499
-1.44301
-1.498805
-1.49
-1.480755
-1.478415
-1.491835
-1.489065
-1.46184
-1.446055
-1.47794
-1.50182
-1.500465
-1.46623
-1.477845
-1.160345
-1.46927
-1.49972
-1.422405
-1.50138
-1.46657
-1.479895
-1.487215
-1.48057
-1.44854
-1.477645
-1.4754
-1.320895
-1.33978
-1.506585
-1.42028
-1.49385
-1.476545
-1.48712
-1.4927
-1.476775
-1.494185
-1.483445
-1.480335
-1.46936
-1.478375
-1.49894
-1.46057
-1.49516
-1.493015
-1.467665
-1.48775
-1.47141
-1.456565
-1.48516
-1.48492
-1.46367
-1.500465
-1.3458
-1.45101
-1.50281
-1.499775
-1.456635
-1.478435
-1.49198
-1.334745
-1.487965
-1.471065
-1.481905
-1.392255
-1.478
-1.429815
-1.437745
-1.45383
-1.491825
-1.48579
-1.496205
-1.480255
-1.47589
-1.429105
-1.50144
-1.457205
-1.49996
-1.49245
-1.475885
-1.46617
-1.467185
-1.490545
-1.5142
-1.491185
-1.486845
-1.497945
-1.411295
-1.492325
-1.497465
-1.478225
-1.47051
-1.507865
-1.487575
-1.482605
-1.490665
-1.409875
-1.49836
-1.482215
-1.485275
-1.486425
-1.4998
-1.444435
-1.48954
-1.48038
-1.496185
-1.455925
-1.48267
-1.49327
-1.273065
-1.49727
-1.301265
-1.48083
-1.48812
-1.484715
-1.422875
-1.39821
-1.48937
-1.49781
-1.5165
-1.489765
-1.49973
-1.484865
-1.4928
-1.481045
-1.49347
-1.45359
-1.438875
-1.45364
-1.47049
-1.49904
-1.474355
-1.43455
-1.487785
-1.48151
-1.491475
-1.489445
-1.448315
-1.496185
-1.494085
-1.48425
-1.50081
-1.48038
-1.49161
-1.472065
-1.480535
-1.478495
-1.471965
-1.483515
-1.476815
-1.476555
-1.482675
-1.435835
-1.457715
-1.49081
-1.49137
-1.497005
-1.49291
-1.442465
-1.493755
-1.494465
-1.380335
-1.49149
-1.414695
-1.364385
-1.46265
-1.47793
-1.42824
-1.379245
-1.48547
-1.47872
-1.5024
-1.489775
-1.12342
-1.49338
-1.491605
-1.47403
-1.48426
-1.496635
-1.45474
-1.490185
-1.5085
-1.475985
-1.476
-1.50556
-1.50162
-1.50046
-1.476225
-1.437895
-1.50094
-1.47467
-1.312365
-1.49572
-1.419555
-1.49397
-1.496005
-1.46976
-1.469915
-1.481465
-1.48173
-1.45274
-1.49463
-1.419555
-1.202885
-1.416095
-1.474955
-1.467245
-1.488995
-1.453335
-1.46012
-1.482565
-1.483935
-1.489855
-1.44633
-1.48576
-1.49471
-1.439015
-1.473625
-1.48042
-1.444085
-1.49332
-1.4866
-1.46424
-1.494365
-1.48327
-1.49493
-1.41286
-1.43753
-1.48393
-1.49334
-1.472645
-1.480375
-1.33763
-1.470145
-1.46541
-1.4879
-1.482135
-1.47829
-1.424635
-1.49338
-1.43764
-1.479265
-1.451595
-1.47814
-1.48073
-1.432345
-1.491465
-1.49019
-1.47639
-1.49438
-1.480685
-1.48389
-1.4844
-1.489515
-1.44354
-1.50348
-1.482605
-1.50386
-1.49435
-1.488995
-1.48842
-1.410655
-1.4796
-1.45664
-1.49968
-1.48565
-1.487695
-1.46691
-1.43311
-1.439715
-1.44752
-1.42888
-1.491635
-1.470825
-1.500295
-1.47593
-1.492535
-1.476475
-1.488165
-1.4447
-1.49409
-1.49433
-1.470845
-1.492015
-1.498895
-1.455905
-1.409075
-1.47917
-1.46051
-1.423205
-1.49182
-1.41679
-1.413215
-1.492695
-1.385685
-1.46295
-1.49436
-0.787165
-1.47035
-1.49311
-1.491455
-1.495365
-1.49516
-1.505525
-1.4824
-1.40195
-1.43631
-1.42526
-1.482885
-1.479525
-1.48357
-1.477425
-1.498
-1.484125
-1.445195
-1.4829
-1.476845
-1.475535
-1.48804
-1.493955
-1.46899
-1.47129
-1.50169
-1.46032
-1.445185
-1.49088
-1.482685
-1.499545
-1.493315
-1.46038
-1.476535
-1.522435
-1.421895
-1.48419
-1.464875
-1.474435
-1.40248
-1.490355
-1.48597
-1.492815
-1.486605
-1.487635
-1.487255
-1.487925
-1.47921
-1.49004
-1.49323
-1.47298
-1.45311
-1.457095
-1.46716
-1.438345
-1.482415
-1.390825
-1.4762
-1.204355
-1.49772
-1.417595
-1.489345
-1.460675
-1.50226
-1.484985
-1.456775
-1.47321
-1.493085
-1.401025
-1.0131
-1.472635
-1.49002
-1.51245
-1.46864
-1.49579
-1.485185
-1.440545
-1.499345
-1.495865
-1.480015
-1.45874
-1.490145
-1.267495
-1.48968
-1.442715
-1.37412
-1.498
-1.501985
-1.43362
-1.49251
-1.431195
-1.47887
-1.499985
-1.48247
-1.25097
-1.492985
-1.484825
-1.436125
-1.50249
-1.396465
-1.508845
-1.48809
-1.485605
-1.34136
-1.49689
-1.494475
-1.47965
-1.49119
-1.45196
-1.36813
-1.482205
-1.48983
-1.495365
-1.422205
-1.421675
-1.474155
-1.48666
-1.467735
-1.47883
-1.50292
-1.493425
-1.485705
-1.49259
-1.50533
-1.48378
-1.4675
-1.48532
-1.504995
-1.4532
-1.40714
-1.473105
-1.48432
-1.50217
-1.48927
-1.491885
-0.555375
-1.42988
-1.466935
-1.496175
-1.48475
-1.48392
-1.427105
-1.48313
-1.50342
-1.482925
-1.48625
-1.467745
-1.443855
-1.448735
-1.496525
-1.49531
-1.48756
-1.48546
-1.486995
-1.49029
-1.485555
-1.485305
-1.49579
-1.493055
-1.493575
-1.50518
-1.496595
-1.50367
-1.50375
-1.49493
-1.51658
-1.484245
-1.467335
-1.482135
-1.49663
-1.464825
-1.46267
-1.493135
-1.494345
-1.298315
-1.49396
-1.468585
-1.441955
-1.426125
-1.475975
-1.38636
-1.4763
-1.49041
-1.4632
-1.3589
-1.49343
-1.49754
-1.486685
-1.433975
-1.471945
-1.454915
-1.382975
-1.483685
-1.455725
-1.47811
-1.500085
-1.476865
-1.49098
-1.466495
-1.364855
-1.417575
-1.494625
-1.47954
-1.488845
-1.495355
-1.46436
-1.40386
-1.480135
-1.45018
-1.487255
-1.493975
-1.49785
-1.42686
-1.438915
-1.496625
-1.49537
-1.50122
-1.43804
-1.49711
-1.34659
-1.49483
-1.497275
-1.463285
-1.48929
-1.45915
-1.47516
-1.491575
-1.49597
-1.401345
-1.402625
-1.491675
-1.50009
-1.50289
-1.435555
-1.484215
-1.477225
-1.484955
-1.49763
-1.404635
-1.441025
-1.48202
-1.43991
-1.490255
-0.45402
-1.497495
-1.4971
-1.48531
-1.495905
-1.4848
-1.45988
-1.5006
-1.443365
-1.47501
-1.485475
-1.44605
-1.47862
-1.437385
-1.47255
-1.47936
-1.49652
-1.492335
-1.38269
-1.49254
-1.495105
-1.46745
-1.41723
-1.42353
-1.49264
-1.49735
-1.436915
-1.444445
-1.220635
-1.48044
-1.471725
-1.49909
-1.5031
-1.491295
-1.494555
-1.49008
-1.504825
-1.46761
-1.44971
-1.497605
-1.49513
-1.47366
-1.477515
-1.483885
-1.486005
-1.48039
-1.490525
-1.483295
-1.492635
-1.47478
-1.47315
-1.47158
-1.43942
-1.4877
-1.47866
-1.354095
-1.501975
-1.501815
-1.47386
-1.50249
-1.487845
-1.44143
-1.356565
-1.44332
-1.41502
-1.4778
-1.448405
-1.49011
-1.50496
-1.326515
-1.47819
-1.446095
-1.467455
-1.50056
-1.48621
-1.48794
-1.501895
-1.4969
-1.48653
-1.494465
-1.44461
-1.48481
-1.29147
-1.493415
-1.4954
-1.48613
-1.50745
-1.472435
-1.492365
-1.484905
-1.376835
-1.481305
-1.50747
-1.44292
-1.463965
-1.49634
-1.497105
-1.46771
-1.48524
-1.49903
-1.479405
-1.507755
-1.452695
-1.463735
-1.44876
-1.5285
-1.495065
-1.459505
-1.4904
-1.484155
-1.50247
-1.47187
-1.49742
-1.4794
-1.495305
-1.48044
-1.44044
-1.495005
-1.490765
-1.487605
-1.48824
-1.488865
-1.50032
-1.479745
-1.487745
-1.41428
-1.47902
-1.497665
-1.45621
-1.49467
-1.45962
-1.346445
-1.435765
-1.495905
-1.375295
-1.49384
-1.486505
-1.472705
-1.497595
-1.49773
-1.49025
-1.49068
-1.488625
-1.37454
-1.497215
-1.483785
-1.45391
-1.486225
-1.491955
-1.311205
-1.49212
-1.4796
-1.41041
-1.47955
-1.14445
-1.45967
-1.49639
-1.48935
-1.474945
-1.4658
-1.4938
-1.442495
-1.446915
-1.50271
-1.496885
-1.493675
-1.420825
-1.48767
-1.49409
-1.34867
-1.48075
-1.47009
-1.48955
-1.44227
-1.4866
-1.32991
-1.495675
-1.45176
-1.490705
-1.491755
-1.46355
-1.490065
-1.448245
-1.48077
-1.493115
-1.49254
-1.445215
-1.48844
-1.47756
-1.494285
-1.499905
-1.461435
-1.47301
-1.47438
-1.498835
-1.487735
-1.494455
-1.461815
-1.43747
-1.457035
-1.48218
-1.482065
-1.473565
-1.49938
-1.51765
-1.49778
-1.493685
-1.504385
-1.480945
-1.49662
-1.41104
-1.47958
-1.4576
-1.41201
-1.48777
-1.478035
-1.44351
-1.479305
-1.495515
-1.448705
-1.403155
-1.47023
-1.48839
-1.4725
-1.493805
-1.484755
-1.493345
-1.495055
-1.49773
-1.49073
-1.48494
-1.491575
-1.47226
-1.45927
-1.499585
-1.49835
-1.485765
-1.492365
-1.45086
-1.49161
-1.48917
-1.48604
-1.48876
-1.48367
-1.390645
-1.48029
-1.454735
-1.49353
-1.49088
-1.49685
-1.497615
-1.48041
-1.480405
-1.48355
-1.453555
-1.49546
-1.497575
-1.50105
-1.481365
-1.492465
-1.477025
-1.50223
-1.47742
-1.494775
-1.385475
-1.499235
-1.062105
-1.50332
-1.488725
-1.413795
-1.491125
-1.495515
-1.48132
-1.491105
-1.495525
-1.46636
-1.49467
-1.491135
-1.45136
-1.469095
-1.49713
-1.492115
-1.500635
-1.490905
-1.471845
-1.48726
-1.436405
-1.448525
-1.456745
-1.49142
-1.38129
-1.41871
-1.451285
-1.383825
-1.499365
-1.395325
-1.496325
-1.488455
-1.47075
-1.49195
-1.43288
-1.45788
-1.39003
-1.48995
-1.46461
-1.456405
-1.461125
-1.4661
-1.4942
-1.490745
-1.48586
-1.49362
-1.486185
-1.48604
-1.1798
-1.4407
-1.4949
-1.500485
-1.504565
-1.48378
-1.48346
-1.500195
-1.488575
-1.494205
-1.453125
-1.493655
-1.486435
-1.474755
-1.47284
-1.45848
-1.46055
-1.491015
-1.499355
-1.49737
-1.288605
-1.446445
-1.46291
-1.49386
-1.34854
-1.352835
-1.48546
-1.492695
-1.480855
-1.434915
-1.483655
-1.49322
-1.419445
-1.488345
-1.493545
-1.398415
-1.46685
-1.449765
-1.302865
-1.48841
-1.45349
-1.4642
-1.45877
-1.46921
-1.48086
-1.493985
-1.427185
-1.491365
-1.47854
-1.493705
-1.490305
-1.48375
-1.4944
-1.507805
-1.481215
-1.49779
-1.49077
-1.377265
-1.49184
-1.46838
-1.448935
-1.29431
-1.472785
-1.493755
-1.472735
-1.28042
-1.482125
-1.487665
-1.48438
-1.50407
-1.49044
-1.4895
-1.49868
-1.487725
-1.47944
-1.490405
-1.48639
-1.50075
-1.496505
-1.530295
-1.48862
-1.47869
-1.49088
-1.492245
-1.498055
-1.490475
-1.46195
-1.31795
-1.47156
-1.48759
-1.4912
-1.447945
-1.493035
-1.467075
-1.484325
-1.497165
-1.46524
-1.486135
-1.48758
-1.48934
-1.490975
-1.455675
-1.474985
-1.498845
-1.47743
-1.49364
-1.497015
-1.49346
-1.490735
-1.46426
-1.499695
-1.489345
-1.442275
-1.484935
-1.496515
-1.49545
-1.473035
-1.497165
-1.483465
-1.427315
-1.50285
-1.47448
-1.44294
-1.450695
-1.46005
-1.482125
-1.47386
-1.50314
-1.498905
-1.284385
-1.49044
-1.46829
-1.382125
-1.503685
-1.47945
-1.443065
-1.482795
-1.48012
-1.483615
-1.50092
-1.429365
-1.24489
-1.47925
-1.50212
-1.49321
-1.48558
-1.496635
-1.12079
-1.32948
-1.456415
-1.492815
-1.49319
-1.490225
-1.46552
-1.45016
-1.47598
-1.473115
-1.42284
-1.49639
-1.46338
-1.442805
-1.49524
-1.504755
-1.37812
-1.489
-1.437115
-1.467675
-1.469455
-1.42992
-1.44807
-1.493325
-1.486495
-1.490225
-1.485965
-1.449245
-1.318925
-1.48066
-1.470865
-1.46376
-1.490845
-1.491805
-1.483265
-1.48994
-1.418115
-1.488345
-1.482495
-1.452065
-1.31399
-1.41495
-1.4798
-1.471615
-1.495775
-1.497455
-1.34741
-1.443655
-1.47401
-1.47589
-1.49418
-1.416645
-1.49351
-1.36701
-1.461775
-1.46706
-1.52361
-1.46946
-1.50115
-1.447775
-1.508125
-1.414265
-1.44251
-1.498515
-1.495145
-1.40125
-1.484105
-1.48728
-1.494635
-1.448245
-1.49732
-1.488835
-1.50857
-1.455275
-1.49716
-1.493985
-1.48845
-1.50098
-1.486425
-1.49659
-1.492145
-1.492465
-1.487
-1.49504
-1.47052
-1.47917
-1.500785
-1.46556
-1.513665
-1.49713
-1.49852
-1.45855
-1.499635
-1.489815
-1.484395
-1.496455
-1.416635
-1.437055
-1.49736
-1.41156
-1.479505
-1.46893
-1.50085
-1.412405
-1.4963
-1.50023
-1.503245
-1.491135
-1.496805
-1.459235
-1.40544
-1.45509
-1.43247
-1.503035
-1.486905
-1.46757
-1.4957
-1.467565
-1.499555
-1.48654
-1.22994
-1.456855
-1.49859
-1.475335
-1.50492
-1.46222
-1.49432
-1.450695
-1.48817
-1.49632
-1.49672
-1.49165
-1.44167
-1.46588
-1.494475
-1.508805
-1.49558
-1.487805
-1.494985
-1.405265
-1.442215
-1.485775
-1.491575
-1.462575
-1.33412
-1.49728
-1.49783
-1.471485
-1.466415
-1.42386
-1.48196
-1.492195
-1.41378
-1.46481
-1.474385
-1.489855
-1.49269
-1.49146
-1.46325
-1.501895
-1.49372
-1.49889
-1.488775
-1.497115
-1.4946
-1.491335
-1.50079
-1.50135
-1.441535
-1.48943
-1.504925
-1.4848
-1.454935
-1.483125
-1.484025
-1.46993
-1.497455
-1.49777
-1.49003
-1.483665
-1.47513
-1.47484
-1.468725
-1.49239
-1.492915
-1.49558
-1.48206
-1.488625
-1.482705
-1.481065
-1.49335
-1.449835
-1.494935
-1.497765
-1.478185
-1.450915
-1.41847
-1.44658
-1.476
-1.488565
-1.49193
-1.47734
-1.502525
-1.462295
-1.4876
-1.489685
-1.49388
-1.448555
-1.372675
-1.4952
-1.462075
-1.50123
-1.479895
-1.478585
-1.497145
-1.498935
-1.504005
-1.46103
-1.49843
-1.4392
-1.481695
-1.48309
-1.48948
-1.48891
-1.49506
-1.385365
-1.51041
-1.485915
-1.46551
-1.47377
-1.492585
-1.475455
-1.483995
-1.49418
-1.480655
-1.430975
-1.493115
-1.485165
-1.43672
-1.492645
-1.48715
-1.48907
-1.436505
-1.480375
-1.446735
-1.47403
-1.425485
-1.45884
-1.43726
-1.496735
-1.45885
-1.495965
-1.446175
-1.491825
-1.476425
-1.49903
-1.496025
-1.487555
-1.46974
-1.493545
-1.372605
-1.42237
-1.47987
-1.502165
-1.49639
-1.454855
-1.49046
-1.48852
-1.481225
-1.299605
-1.448595
-1.485675
-1.48738
-1.4925
-1.429955
-1.49009
-1.482325
-1.475765
-1.495975
-1.404105
-1.485555
-1.48487
-1.43538
-1.494895
-1.456745
-1.323165
-1.4918
-1.481955
-1.47541
-1.48622
-1.47803
-1.500895
-1.484875
-1.487975
-1.489505
-1.463615
-1.4808
-1.47373
-1.47723
-1.490775
-1.49841
-1.464415
-1.496425
-1.499635
-1.332145
-1.49383
-1.465755
-1.48383
-1.391905
-1.48584
-1.21459
-1.49094
-1.48995
-1.4965
-1.47814
-1.47811
-1.474155
-1.46556
-1.491095
-1.4675
-1.498565
-1.4334
-1.45089
-1.450245
-1.455865
-1.49789
-1.492415
-0.946455
-1.50511
-1.401775
-1.48529
-1.49214
-1.472955
-1.49665
-1.49717
-1.503185
-1.431895
-1.439885
-1.40655
-1.467325
-1.48141
-1.50208
-1.448145
-1.480095
-1.48052
-1.48863
-1.406055
-1.47882
-1.45266
-1.504265
-1.47435
-1.49688
-0.37882
-1.508495
-1.446725
-1.496845
-1.497405
-1.491755
-1.477205
-1.411905
-1.450395
-1.47066
-1.497525
-1.43826
-1.47577
-1.498175
-1.499555
-1.487575
-1.49695
-1.48901
-1.47757
-1.412875
-1.501115
-1.49566
-1.512405
-1.49301
-1.390495
-1.493555
-1.500935
-1.5036
-1.21609
-1.44665
-1.41862
-1.49476
-1.486715
-1.464225
-1.493675
-1.32569
-1.476455
-1.49985
-1.485015
-1.477015
-1.49816
-1.459535
-1.48655
-1.48251
-1.48158
-1.50461
-1.49173
-1.490155
-1.497935
-1.357315
-1.491655
-1.182445
-1.49371
-1.34997
-1.472145
-1.49251
-1.47433
-1.46607
-1.495245
-1.480845
-1.47233
-1.493945
-1.45677
-1.46754
-1.49511
-1.407045
-1.41197
-1.46558
-1.467195
-1.48928
-1.45572
-1.49652
-1.478765
-1.488735
-1.442825
-1.494375
-1.48519
-1.44856
-1.29583
-1.503345
-1.50209
-1.48381
-1.4886
-1.483685
-1.471215
-1.486135
-1.495615
-1.486935
-1.490605
-1.47718
-1.482945
-1.438285
-1.477705
-1.416035
-1.493155
-1.500465
-1.49443
-1.49564
-1.496005
-1.470615
-1.495265
-1.259085
-1.39518
-1.43435
-1.45304
-1.49635
-1.38906
-1.49475
-1.491775
-1.46266
-1.493315
-1.494345
-1.487075
-1.499795
-1.49746
-1.49735
-1.495225
-1.493045
-1.490505
-1.4235
-1.365895
-1.501085
-1.47197
-1.41143
-1.49296
-1.437855
-1.487475
-1.444465
-1.46518
-1.47791
-1.46994
-1.482575
-1.442205
-1.486695
-1.490925
-1.49707
-1.49365
-1.490935
-1.49795
-1.47579
-1.494235
-1.49598
-1.492915
-1.496355
-1.498765
-1.495055
-1.43748
-1.349055
-1.20823
-1.486405
-1.490745
-1.490995
-1.50814
-1.506755
-1.483075
-1.490985
-1.456965
-1.45149
-1.45014
-1.484185
-1.479595
-1.44312
-1.31705
-1.504305
-1.47819
-1.47775
-1.277755
-1.493385
-1.50671
-1.375995
-1.36235
-1.477855
-1.491595
-1.386565
-1.47666
-1.49207
-1.49843
-1.495655
-1.286025
-1.484615
-1.44311
-1.46195
-1.498275
-1.477315
-1.457645
-1.491415
-1.495175
-1.451255
-1.44499
-1.485465
-1.48845
-1.500885
-1.47099
-1.479855
-1.468625
-1.49472
-1.49345
-1.400395
-1.48643
-1.493865
-1.49348
-1.48346
-1.4253
-1.50271
-1.42252
-1.490775
-1.48859
-1.495875
-1.488665
-1.493395
-1.42982
-1.414655
-1.49331
-1.490915
-1.46741
-1.496915
-1.471885
-1.447795
-1.494275
-1.374865
-1.385475
-1.39423
-1.501145
-1.485805
-1.45664
-1.421555
-1.32557
-1.485405
-1.29719
-1.49719
-1.472375
-1.457105
-1.46465
-1.43001
-1.486825
-1.45972
-1.48491
-1.39416
-1.40624
-0.927495
-1.49913
-1.493665
-1.5013
-1.49852
-1.480245
-1.509185
-1.478155
-1.434745
-1.37752
-1.463905
-1.4971
-1.494345
-1.436455
-1.48567
-1.483185
-1.49267
-1.48203
-1.48372
-1.475675
-1.50333
1.446295
-1.48267
-1.486905
-1.536605
-1.48717
-1.43803
-1.48092
-1.46927
-1.497645
-1.487415
-1.482515
-1.452905
-1.495935
-1.48839
-1.46553
-1.494215
-1.474645
-1.489055
-1.496145
-1.49544
-1.492785
-1.494775
-1.484445
-1.49954
-1.488325
-1.48968
-1.461235
-1.478845
-1.507155
-1.489485
-1.49296
-1.474295
-1.49794
-1.43822
-1.467305
-1.469395
-1.469075
-1.443775
-1.46988
-1.49104
-1.343295
-1.49626
-1.465995
-1.507285
-1.457955
-1.493625
-1.49326
-1.44743
-1.46562
-1.48758
-1.45361
-1.49095
-1.49007
-1.46337
-1.49149
-1.49316
-1.477585
-1.490855
-1.489395
-1.476165
-1.498125
-1.486345
-1.483815
-1.496295
-1.49915
-1.44967
-1.493675
-1.46163
-1.523435
-1.50322
-1.50513
-1.49334
-1.49347
-1.493215
-1.46421
-1.500285
-1.489345
-1.486025
-1.494335
-1.46375
-1.496675
-1.49684
-1.485135
-1.49469
-1.498195
-1.48175
-1.49889
-1.41795
-1.498685
-1.502535
-1.47486
-1.44888
-1.367895
-1.49225
-1.3541
-1.47339
-1.419455
-1.49697
-1.45729
-1.476895
-1.49101
-1.471535
-1.445055
-1.491685
-1.466565
-1.476495
-1.48538
-1.45452
-1.48175
-1.49871
-1.493165
-1.45971
-1.47672
-1.49031
-1.491315
-1.481665
-1.490695
-1.48276
-1.48126
-1.49318
-1.396025
-1.47227
-1.50411
-1.43076
-1.493895
-1.495725
-1.495265
-1.393155
-1.48651
-1.48129
-1.47361
-1.439625
-1.47686
-1.49432
-1.4774
-1.452415
-1.5006
-1.45925
-1.158855
-1.49816
-1.431065
-1.49688
-1.49947
-1.49388
-1.4663
-1.49138
-1.48721
-1.49106
-1.491255
-1.498785
-1.49353
-1.444495
-1.472935
-1.4918
-1.368145
-1.49556
-1.4853
-1.34645
-1.434175
-1.50063
-1.48301
-1.45798
-1.457145
-1.494635
-1.494945
-1.501055
-1.501045
-1.48525
-1.485605
-1.478835
-1.468435
-1.496235
-1.45504
-1.47846
-1.487455
-1.456915
-1.435775
-1.4706
-1.49515
-1.48038
-1.456535
-1.49651
-1.48455
-1.478255
-1.451795
-1.493305
-1.49775
-1.465535
-1.483765
-1.496395
-1.49131
-1.49148
-1.47724
-1.470405
-1.356535
-1.465665
-1.4891
-1.457755
-1.47393
-1.470465
-1.336575
-1.484315
-1.463895
-1.47339
-1.469855
-1.49108
-1.50155
-1.48599
-1.449075
-1.43354
-1.316555
-1.45238
-1.4967
-1.495805
-1.490375
-1.484925
-1.178745
-1.48294
-1.485935
-1.39277
-1.49019
-1.48885
-1.483615
-1.480175
-1.485405
-1.471995
-1.487015
-1.468775
-1.486155
-1.413335
-1.494925
-1.36932
-1.48538
-1.493485
-1.47538
-1.30641
-1.487035
-1.317725
-1.47086
-1.4984
-1.46869
-1.4895
-1.42634
-1.43131
-1.37918
-1.465735
-1.48071
-1.428555
-1.49743
-1.420415
-1.4393
-1.485245
-1.48402
-1.48852
-1.49654
-1.497105
-1.484965
-1.485615
-1.48305
-1.494865
-1.491365
-1.464805
-1.423715
-1.493795
-1.48146
-1.48977
-1.44332
-1.48438
-1.49305
-1.48586
-1.44353
-1.500755
-1.49002
-1.1338
-1.46269
-1.435465
-1.498885
-1.49355
-1.50195
-1.490215
-1.481095
-1.488745
-1.49109
-1.44846
-1.48621
-1.489935
-1.479355
-1.445685
-1.50257
-1.502755
-1.382655
-1.496465
-1.489875
-1.46455
-1.492195
-1.50746
-1.460495
-1.490405
-1.496635
-1.44054
-1.489895
-1.50133
-1.496805
-1.4904
-1.50197
-1.468195
-1.49266
-1.35493
-1.366755
-1.49251
-1.49527
-1.491795
-1.38402
-1.496245
-1.41269
-1.500175
-1.33732
-1.4569
-1.481675
-1.49494
-1.505815
-1.478555
-1.48874
-1.47745
-1.467315
-1.40009
-1.49476
-1.44431
-1.370845
-1.49729
-1.45866
-0.68372
-1.47604
-1.486
-1.48221
-1.48597
-1.47728
-1.4211
-1.47357
-1.49526
-1.467115
-1.49529
-1.06243
-1.42864
-1.485705
-1.500175
-1.47003
-1.498215
-1.40447
-1.50108
-1.498615
-1.481845
-1.497785
-1.20052
-1.47533
-1.49095
-1.48844
-1.477355
-1.483385
-1.40454
-1.262425
-1.481815
-1.48428
-1.4653
-1.477985
-1.49835
-1.496265
-1.492615
-1.470495
-1.392215
-1.497655
-1.491965
-1.4981
-1.48358
-1.48573
-1.48672
-1.451195
-1.47624
-1.494485
-1.48666
-1.49588
-1.49612
-1.479075
-1.489795
-1.503415
-1.5061
-1.46474
-1.49626
-1.49797
-1.494855
-1.48379
-1.502045
-1.4552
-1.46356
-1.36693
-1.48451
-1.50288
-1.483025
-1.491815
-1.50058
-1.44318
-1.450825
-1.50424
-1.47547
-1.48944
-1.44801
-1.477205
-1.486625
-1.481215
-1.469265
-1.468635
-1.48564
-1.496345
-1.496655
-1.492905
-1.48872
-1.48288
-1.47698
-1.483075
-1.36257
-1.488635
-1.47707
-1.411805
-1.47662
-1.49728
-1.496415
-1.478925
-1.49934
-1.501255
-1.496035
-1.500305
-1.47937
-1.43948
-1.38715
-1.496295
-1.483575
-1.47846
-1.49567
-1.499945
-1.419205
-1.47344
-1.495475
-1.44494
-1.47418
-1.4901
-1.49391
-1.46999
-1.473395
-1.496335
-1.456525
-1.49648
-1.506895
-1.39406
-1.49531
-1.479805
-1.472995
-1.494885
-1.503105
-1.38414
-1.480645
-1.37502
-1.48051
-1.49033
-1.45157
-1.401465
-1.465245
-1.499385
-1.47059
-1.49178
-1.46068
-1.49499
-1.487485
-1.468
-1.30958
-1.48449
-1.487
-1.058605
-1.420085
-1.47051
-1.45689
-1.490405
-1.50664
-1.498715
-1.416745
-1.48618
-1.502665
-1.259825
-1.47847
-1.48202
-1.489825
-1.505495
-1.31967
1.49353
-1.47521
-1.440855
-1.494845
-1.477855
-1.386395
-1.489975
-1.485225
-1.49886
-1.48965
-1.491425
-1.491685
-1.488535
-1.43598
-1.499635
-1.489785
-1.45714
-1.49132
-1.45808
-1.4629
-1.499995
-1.43548
-1.481455
-1.490425
-1.49638
-1.473495
-1.50491
-1.495665
-1.489425
-1.4499
-1.50168
-1.378805
-1.495795
-1.462185
-1.50638
-1.49792
-1.464935
-1.36652
-1.47088
-1.46509
-1.485865
-1.483125
-1.48325
-1.44799
-1.49232
-1.370995
-1.460855
-1.465905
-1.47217
-1.27462
-1.494955
-1.457835
-1.489415
-1.37469
-1.473245
0.439245
-1.489875
-1.327785
-1.46657
-1.497785
-1.492705
-1.491345
-1.50302
-1.48553
-1.50249
-1.48726
-1.47973
-1.498805
-1.48967
-1.48227
-1.475775
-1.489375
-1.48266
-1.4845
-1.50101
-1.513615
-1.35986
-1.492235
-1.48967
-1.495485
-1.484455
-1.421835
-1.495485
-1.476065
-1.41588
-1.49111
-1.496765
-1.490485
-1.44991
-1.49544
-1.490005
-1.484415
-1.470875
-1.50326
-1.48871
-1.482725
-1.47983
-1.487715
-1.49672
-1.39754
-1.480075
-1.493285
-1.47325
-1.476475
-1.479395
-1.465685
-1.491695
-1.485995
-1.490175
-1.50309
-1.48693
-1.497725
-1.48463
-1.491675
-1.47176
-1.46708
-1.49752
-1.501375
-1.496315
-1.494795
-1.403565
-1.497105
-1.483405
-1.489225
-1.45874
-1.48306
-1.41083
-1.365165
-1.428275
-1.50075
-1.48943
-1.48418
-1.48705
-1.493505
-1.476675
-1.41875
-1.48022
-1.250545
-1.485115
-1.481435
-1.48671
-1.484655
-1.45455
-1.386585
-1.50088
-1.48386
-1.493815
-1.4079
-1.494445
-1.494255
-1.11166
-1.50375
-1.021965
-1.499055
-1.517465
-1.462085
-1.476525
-1.49538
-1.490335
-1.26193
-1.484815
-1.499015
-1.504055
-1.466415
-1.497935
-1.493765
-1.47124
-1.490845
-1.4808
-1.486725
-1.471275
-1.49012
-1.49556
-1.49197
-1.50448
-1.489485
-1.321775
-1.497795
-1.458765
-1.48622
-1.49832
-1.492985
-1.49491
-1.24069
-1.523305
-1.49058
-1.471785
-1.4382
-1.328945
-1.48011
-1.453815
-1.49642
-1.486825
-1.473015
-1.47479
-1.487865
-1.48973
-1.464585
-1.44386
-1.501505
-1.428925
-1.249635
-1.491215
-1.493875
-1.49491
-1.396015
-1.499655
-1.368615
-1.500085
-1.48545
-1.47228
-1.48973
-1.505355
-1.45619
-1.49146
-1.35923
-1.50188
-1.43734
-1.48089
-1.47372
-1.46411
-1.430005
-1.502565
-1.496485
-1.456415
-1.400055
-1.46146
-1.482295
-1.5021
-1.4816
-1.490095
-1.46282
-1.464495
-1.4419
-1.48318
-1.484005
-1.489655
-1.486445
-1.47048
-1.43572
-1.4901
-1.50134
-1.501545
-1.410805
-1.50145
-1.206475
-1.47357
-1.485135
-1.47388
-1.462095
-1.445615
-1.493455
-1.485445
-1.39547
-1.49364
-1.470425
-1.49541
-1.497065
-1.495315
-1.48778
-1.48685
-1.48283
-1.49209
-1.489805
-1.488955
-1.490795
-1.49853
-1.326915
-1.40728
-1.5002
-1.4274
-1.49605
-1.49753
-1.5011
-1.495725
-1.5085
-1.489295
-1.492165
-1.446135
-1.49525
-1.48788
-1.48867
-1.49263
-1.501185
-1.42364
-1.170235
-1.417525
-1.492075
-1.494415
-1.498235
-1.49459
-1.48013
-1.43476
-1.40297
-1.488625
-1.49776
-1.48078
-1.48672
-1.389785
-1.482115
-1.487465
-1.456945
-1.498335
-1.432355
-1.48318
-1.48008
-1.26447
-1.43017
-1.49006
-1.491335
-1.50231
-1.45644
-1.424275
-1.463215
-1.4953
-1.49344
-1.49029
-1.397685
-1.472655
-1.14572
-1.52434
-1.49188
-1.443615
-1.50357
-1.44989
-1.42354
-1.484405
-1.489785
-1.372795
-1.48311
-1.48752
-1.45138
-1.490915
-1.452405
-1.46378
-1.442725
-1.49711
-1.261965
-1.419955
-1.47737
-1.429205
-1.49927
-1.50306
-1.467495
-1.49344
-1.432125
-1.50284
-1.48589
-1.49675
-1.412275
-1.46436
-1.455205
-1.47864
-1.46666
-1.492955
-1.49917
-1.356835
-1.480365
-1.486625
-1.47156
-1.478545
-1.49096
-1.49047
-1.50119
-1.476075
-1.43673
-1.483075
-1.493475
-1.47177
-1.469685
-1.47532
-1.498155
-1.455355
-1.49401
-1.46864
-1.4536
-1.49606
-1.49782
-1.45632
-1.488765
-1.43332
-1.485375
-1.50396
-1.50538
-1.49944
-1.487255
-1.489685
-1.489625
-1.48941
-1.45001
-1.50264
-1.493495
-1.49948
-1.459
-1.48702
-1.49652
-1.49777
-1.44751
-1.49348
-1.502305
-1.48315
-1.497735
-1.48466
-1.489655
-1.32491
-1.47095
-1.431475
-1.497825
-1.500425
-1.5105
-1.47662
-1.4961
-1.492495
-1.445035
-1.467695
-1.471315
-1.48558
-1.492375
-1.46562
-1.49772
-1.48602
-1.447025
-1.47089
-1.50166
-1.500365
-1.50338
-1.48469
-1.498575
-1.4762
-1.473435
-1.446395
-1.295175
-1.479575
-1.49029
-1.448865
-1.49548
-1.496875
-1.483355
-1.38762
-1.477535
-1.4712
-1.491795
-1.490395
-1.40619
-1.49374
-1.47529
-1.50423
-1.496235
-1.3596
-1.49396
-1.494115
-1.35734
-1.497155
-1.390205
-1.504255
-1.447245
-1.490645
-1.49786
-1.491065
-1.41376
-1.48907
-1.50973
-1.47815
-1.49207
-1.48178
-1.452675
-1.499485
-1.48196
-1.47748
-1.48221
-1.499855
-1.498335
-1.492015
-1.49154
-1.481425
-1.473065
-1.501345
-1.495925
-1.469165
-1.475815
-1.486745
-1.497075
-1.474755
-1.48946
-1.495435
-1.48191
-1.461745
-1.499275
-1.48396
-1.493865
-1.481185
-1.446065
-1.473215
-1.40906
-1.474465
-1.499725
-1.49364
-1.262665
-1.45472
-1.37286
-1.49498
-1.38274
-1.441045
-1.47033
-1.490895
-1.483315
-1.47748
-1.47987
-1.465245
-1.49888
-1.497905
-1.49378
-1.45664
-1.49041
-1.48968
-1.47442
-1.488345
-1.449065
-1.483645
-1.485025
-1.48775
-1.43373
-1.483335
-1.49203
-1.425995
-1.48618
-1.49381
-1.495105
-1.48161
-1.437075
-1.480185
-1.499515
-1.4674
-1.491325
-1.426385
-1.494575
-1.494255
-1.45695
-1.499975
-1.45193
-1.42702
-1.48079
-1.005955
-1.477605
-1.50804
-1.49317
-1.50016
-1.46502
-1.49427
-1.450335
-1.486045
-1.48995
-1.46288
-1.47805
-1.497135
-1.48707
-1.46109
-1.48932
-1.50095
-1.476745
-1.49506
-1.49339
-1.46568
-1.43329
-1.48897
-1.495205
-1.494615
-1.486705
-1.500215
-1.49001
-1.302595
-1.464815
-1.5166
-1.48409
-1.49317
-1.46383
-1.38867
-1.51763
-1.514035
-1.48649
-1.462775
-1.46537
-1.497805
-1.488085
-1.43132
-1.48551
-1.47241
-1.497125
-1.489895
-1.472765
-1.453945
-1.49246
-1.4989
-1.4433
-1.494645
-1.445235
-1.490665
-1.483895
-1.462875
-1.5018
-1.494535
-1.459925
-1.49401
-1.502995
-1.482165
-1.39089
-1.47066
-1.4682
-1.175205
-1.50091
-1.4819
-1.489825
-1.437435
-1.48514
-1.493075
-1.49549
-1.48563
-1.482385
-1.09707
-1.495295
-1.50195
-1.447485
-1.47998
-1.49375
-1.48561
-1.479315
-1.48774
-1.35558
-1.49747
-1.351595
-1.499235
-1.499115
-1.475395
-1.47758
-1.485865
-1.496075
-1.47276
-1.495255
-1.499005
-1.455175
-1.473965
-1.48643
-1.210265
-1.47655
-1.48848
-1.31003
-1.5022
-1.459875
-1.492325
-1.48879
-1.46846
-1.49014
-1.45544
-1.48681
-1.483505
-1.452
-1.43428
-1.488635
-1.48731
-1.4723
-1.460895
-1.48111
-1.390515
-1.456945
-1.48854
-1.48569
-1.47307
-1.4716
-1.476435
-1.461625
-1.49656
-0.394215
-1.48918
-1.493475
-1.487345
-1.496415
-1.473115
-1.46081
-1.464075
-1.43206
-1.48773
-1.458705
-1.444235
-1.44376
-1.430225
-1.436015
-1.37384
-1.48864
-1.48778
-1.49248
-1.47211
-1.49958
-1.45077
-1.495775
-1.48769
-1.506105
-1.497985
-1.45857
-1.496545
-1.49061
-1.502295
-1.49641
-1.452745
-1.45258
-1.458045
-1.47534
-1.49267
-1.48931
-1.48627
-1.478045
-1.463175
-1.49304
-1.48821
-1.460915
-1.49921
-1.481205
-1.445405
-1.49751
-1.40127
-1.496415
-1.423485
-1.47017
-1.439105
-1.48279
-1.494935
-1.497685
-1.409745
-1.40582
-1.40891
-1.419705
-1.491395
-1.500805
-1.47982
-1.48328
-1.49198
-1.421905
-1.49235
-1.49492
-1.49719
-1.49573
-1.47734
-1.477205
-1.484535
-1.48383
-0.759805
-1.493005
-1.49978
-1.456445
-1.496175
-1.43892
-1.417805
-1.46108
-1.42933
-1.500765
-1.399505
-1.48548
-1.338195
-1.44592
-1.449675
-1.456165
-1.512915
-1.34682
-1.459755
-1.486915
-1.480635
-1.49071
-1.48594
-1.48812
-1.49261
-1.37892
-1.50187
-1.49341
-1.4908
-1.44093
-1.490625
-1.480515
-1.49875
-1.479995
-1.48192
-1.49969
-1.46322
-1.477535
-1.48719
-1.506505
-1.454255
-1.48544
-1.48042
-1.49424
-1.478625
-1.498855
-1.4913
-1.486795
-1.49212
-1.49497
-1.469045
-1.477135
-1.479865
-1.49593
-1.48646
-1.462395
-1.49361
-1.476955
-1.404275
-1.33491
-1.45138
-1.491895
-1.49932
-1.47654
-1.49146
-1.45177
-1.484275
-1.49113
-1.494205
-1.46762
-1.493235
-1.495925
-1.407445
-1.4888
-1.44771
-1.450885
-1.49199
-1.500525
-1.47943
-1.49264
-1.499395
-1.493005
-1.48916
-1.4945
-1.47541
-1.49338
-1.402335
-1.493475
-1.479235
-1.490795
-1.47893
-1.49032
-1.4932
-1.47262
-1.487315
-1.39863
-1.37714
-1.50033
-1.489145
-1.47141
-1.44442
-1.48651
-1.48992
-1.49076
-1.23511
-1.48993
-1.494555
-1.475725
-1.47101
-1.48217
-1.489035
-1.494935
-1.49533
-1.492015
-1.49497
-1.50291
-1.50845
-1.487315
-1.48101
-1.42268
-1.431925
-1.4894
-1.4771
-1.492195
-1.4852
-1.47932
-1.49029
-1.4829
-1.50412
-1.456905
-1.27302
-1.42376
-1.492715
-1.46449
-1.477685
-1.485255
-1.49411
-1.4721
-1.49438
-1.48935
-1.499245
-1.50033
-1.498275
-1.484205
-1.493995
-1.490425
-1.48751
-1.496735
-1.47508
-1.4841
-1.4918
-1.44297
-1.47106
-1.49418
-1.47374
-1.493525
-1.491515
-1.471445
-1.47961
-1.49051
-1.487605
-1.493525
-1.466945
-1.48095
-1.47084
-1.49053
-1.437935
-1.46846
-1.34265
-1.47432
-1.49182
-1.465055
-1.45799
-1.495505
-1.38709
-1.48782
-1.493535
-1.478205
-1.493775
-1.48468
-1.50689
-1.47864
-1.499695
-1.49717
-1.421595
-1.45875
-1.29184
-1.49112
-1.472255
-1.485155
-1.491935
-1.45284
-1.466005
-1.48617
-1.491065
-1.475185
-1.4695
-1.49692
-1.42706
-1.491945
-1.494005
-1.494455
-1.443265
-1.476205
-1.49728
-1.494245
-1.47702
-1.432855
-1.485435
-1.49385
-1.502685
-1.39131
-1.508785
-1.49748
-1.49677
-1.4913
-1.484125
-1.242105
-1.47082
-1.49738
-1.468765
-1.47112
-1.492365
-1.4964
-1.421275
-1.50269
-1.35577
-1.490725
-1.49281
-1.49467
-1.48962
-1.499715
-1.48823
-1.485
-1.502725
-1.485985
-1.50761
-1.396105
-1.47075
-1.49252
-1.498055
-1.467735
-1.49039
-1.34602
-1.16682
-1.485315
-1.481705
-1.47716
-1.496845
-1.402265
-1.44078
-1.49735
-1.49866
-1.476565
-1.4913
-1.48799
-1.49079
-1.49365
-1.486115
-1.481155
-1.456695
-1.48386
-1.49128
-1.489905
-1.4384
-1.486815
-1.31271
-1.49668
-1.4805
-1.498065
-1.45946
-1.452245
-1.483555
-1.49136
-1.506755
-1.47839
-1.46381
-1.40336
-1.45642
-1.492865
-1.41812
-1.493175
-1.48752
-1.484805
-1.516395
-1.46346
-1.499045
-1.49671
-1.42668
-1.487795
-1.48266
-1.48781
-1.488595
-0.05984
-1.48991
-1.39347
-1.48958
-1.476515
-1.502635
-1.459065
-1.49254
-1.48545
-1.48569
-1.50017
-1.497385
-1.48422
-1.4946
-1.46892
-1.491365
-1.503175
-1.500885
-1.46562
-1.30207
-1.26234
-1.46672
-1.44178
-1.49867
-1.457265
-1.491485
-1.50333
-1.423675
-1.35984
-1.49662
-1.494835
-1.50061
-1.49537
-1.48828
-1.5089
-1.492495
-1.488705
-1.44608
-1.41838
-1.46751
-1.477
-1.492095
-1.45303
-1.48298
-1.47796
-1.440135
-1.40413
-1.33431
-1.49118
-1.500375
-1.42162
-1.48436
-1.46977
-1.358635
-1.481235
-1.461555
-1.484365
-1.489975
-1.49164
-1.48953
-1.462885
-1.488155
-1.4573
-1.44161
-1.494245
-1.432585
-1.204855
-1.48633
-1.482895
-1.36887
-1.29896
-1.487755
-1.495985
-1.449425
-1.45343
-1.45497
-1.47057
-1.500815
-1.48863
-1.497825
-1.476725
-1.476105
-1.494155
-1.49127
-1.469615
-1.485515
-1.438655
-1.46463
-1.462225
-1.48163
-1.494965
-1.49946
-1.4796
-1.478455
-1.400775
-1.49176
-1.485875
-1.49212
-1.454415
-1.497105
-1.496955
-1.46489
-1.44999
-1.488265
-1.48214
-1.493435
-1.49217
-1.506215
-1.4064
-1.473455
-1.504495
-1.50604
-1.44734
-1.497185
-1.49072
-1.495775
-1.49873
-1.482525
-1.42376
-1.46169
-1.49484
-1.482265
-1.491905
-1.495665
-1.49511
-1.4982
-1.472815
-1.483605
-1.49341
-1.467855
-1.487145
-1.493235
-1.4918
-1.505065
-1.46594
-1.494155
-1.46523
-1.49347
-1.49177
-1.491845
-1.458445
-1.44287
-1.497695
-1.449005
-1.489715
-1.481035
-1.48278
-1.49072
-1.49319
-1.49307
-1.499245
-1.447125
-1.50165
-1.46023
-1.483255
-1.48984
-1.49259
-1.499615
-1.49978
-1.444455
-1.4925
-1.478525
-1.476425
-1.44342
-1.48303
-1.45832
-1.489455
-1.325905
-1.48512
-1.50158
-1.492605
-1.475275
-1.483035
-1.488885
-1.504845
-1.489305
-1.477795
-1.30746
-1.479445
-1.48372
-1.444405
-1.493535
-1.486545
-1.444655
-1.45533
-1.46893
-1.491175
-1.49263
-1.41587
-1.495175
-1.481775
-1.480245
-1.484155
-1.48511
-1.48416
-1.392385
-1.481445
-1.499895
-1.48032
-1.481675
-1.47539
-1.489045
-1.45817
-1.385055
-1.492645
-1.41592
