-1.493268
-1.499469
-1.4908
-1.479008
-1.427071
-1.49753
-1.500215
-1.493667
-1.496688
-1.493616
-1.489371
-1.474498
-1.49408
-1.494426
-1.498888
-1.496583
-1.436931
-1.495062
-1.503244
-1.497117
-1.496441
-1.489217
-1.503062
-1.499135
-1.493111
-1.498185
-1.454638
-1.497682
-1.492213
-1.491878
-1.498192
-1.483335
-1.494637
-1.497806
-1.489736
-1.460395
-1.480962
-1.501242
-1.465324
-1.500194
-1.498643
-1.498317
-1.495694
-1.49893
-1.479277
-1.410621
-1.481477
-1.481301
-1.385097
-1.492063
-1.491963
-1.492114
-1.49855
-1.494086
-1.49336
-1.479203
-1.48123
-1.488442
-1.498942
-1.487116
-1.498267
-1.488849
-1.500777
-1.495227
-1.463193
-1.498854
-1.492081
-1.498257
-1.490499
-1.445365
-1.489759
-1.494839
-1.492719
-1.492518
-1.499011
-1.4938
-1.496152
-1.491653
-1.498013
-1.464696
-1.489978
-1.498488
-1.495439
-1.540813
-1.496032
-1.500754
-1.445373
-1.490809
-1.497349
-1.498842
-1.496472
-1.499501
-1.495744
-1.491043
-1.484514
-1.494313
-1.376665
-1.500467
-1.497103
-1.480621
-1.497775
-1.490299
-1.496284
-1.496124
-1.491819
-1.492487
-1.475719
-1.490893
-1.488357
-1.497349
-1.49934
-1.468944
-1.47639
-1.49766
-1.480092
-1.494344
-1.500269
-1.485728
-1.497348
-1.444561
-1.500181
-1.496531
-1.49264
-1.49949
-1.430996
-1.489413
-1.496376
-1.428217
-1.502529
-1.445153
-1.496416
-1.4906
-1.499278
-1.495519
-1.492816
-1.492256
-1.50109
-1.499673
-1.497027
-1.459686
-1.492263
-1.309187
-1.371866
-1.464816
-1.504207
-1.496109
-1.485003
-1.489016
-1.461078
-1.481368
-1.49833
-1.493898
-1.495261
-1.48622
-1.535126
-1.449499
-1.497292
-1.390626
-1.463926
-1.486415
-1.496427
-1.458852
-1.492559
-1.499537
-1.417846
-1.479448
-1.498291
-1.500343
-1.495019
-1.443371
-1.502468
-1.488278
-1.445355
-1.496875
-1.496902
-1.494043
-1.503547
-1.496062
-1.362796
-1.500508
-1.438429
-1.496032
-1.496528
-1.491289
-1.491086
-1.496781
-1.504861
-1.500288
-1.488988
-1.500325
-1.495829
-1.425718
-1.45304
-1.491383
-1.498207
-1.49703
-1.502359
-1.499842
-1.381281
-1.499712
-1.495999
-1.484954
-1.486479
-1.486656
-1.477069
-1.494958
-1.497449
-1.435983
-1.499888
-1.435622
-1.496658
-1.498791
-1.496306
-1.496672
-1.500758
-1.496068
-1.494446
-1.493633
-1.380583
-1.490493
-1.498231
-1.494072
-1.492193
-1.397547
-1.48234
-1.484591
-1.493851
-1.422424
-1.492596
-1.498305
-1.360835
-1.495564
-1.489028
-1.490575
-1.494394
-1.498336
-1.496133
-1.411607
-1.488525
-1.495138
-1.489106
-1.499894
-1.450813
-1.496352
-1.482971
-1.498719
-1.416969
-1.453643
-1.500529
-1.495426
-1.420768
-1.49528
-1.467735
-1.479152
-1.490776
-1.497995
-1.463786
-1.473932
-0.539642
-1.480736
-1.455022
-1.499861
-1.503128
-1.497415
-1.499065
-1.440002
-1.497895
-1.4816
-1.492461
-1.466879
-1.457185
-1.49721
-1.497924
-1.491324
-1.492907
-1.471624
-1.497321
-1.494036
-1.490541
-1.495782
-1.499684
-1.495412
-1.499606
-1.499116
-1.494682
-1.461907
-1.492443
-1.462715
-1.491398
-1.498808
-1.497527
-1.496614
-1.497185
-1.439052
-1.497777
-1.496789
-1.481865
-1.494003
-1.491729
-1.499305
-1.47029
-1.455332
-1.495727
-1.497137
-1.474728
-1.494828
-1.407542
-1.497525
-1.485277
-1.501788
-1.478713
-1.497294
-0.84441
-1.495421
-1.496228
-1.482998
-1.498425
-1.497669
-1.39907
-1.47343
-1.505614
-1.497087
-1.416303
-1.481452
-1.499851
-1.498859
-1.499171
-1.501453
-1.419504
-1.487509
-1.493678
-1.46875
-1.495039
-1.363427
-1.493563
-1.49164
-1.49914
-1.488247
-1.457244
-1.469663
-1.493632
-1.495521
-1.500634
-1.50134
-1.497553
-1.501394
-1.493156
-1.499272
-1.501012
-1.496194
-1.500085
-1.496658
-1.458445
-1.497364
-1.497277
-1.499129
-1.496496
-1.499272
-1.486387
-1.504184
-1.496303
-1.497093
-1.456794
-1.49032
-1.485633
-1.438936
-1.497273
-1.497902
-1.460706
-1.48811
-1.447952
-1.50036
-1.481602
-1.475875
-1.496323
-1.486065
-1.476708
-1.466088
-1.49896
-1.493812
-1.116331
-1.496275
-1.499514
-1.484179
-1.485128
-1.496682
-1.498407
-1.498989
-1.4911
-1.49501
-1.49958
-1.456775
-1.467355
-1.413277
-1.478529
-1.492977
-1.486969
-1.498286
-1.494315
-1.435785
-1.498684
-1.498617
-1.500959
-1.487562
-1.495986
-1.476802
-1.493798
-1.497704
-1.415134
-1.470414
-1.497666
-1.500941
-1.497818
-1.487785
-1.158809
-1.496388
-1.482399
-1.480423
-1.494042
-1.499185
-1.485397
-1.487442
-1.448108
-1.495731
-1.500081
-1.475735
-1.498522
-1.167114
-1.495344
-1.488618
-1.49009
-1.490544
-1.486574
-1.462015
-1.4925
-1.494127
-1.482838
-1.489786
-1.380883
-1.492232
-1.502288
-1.512519
-1.499016
-1.49434
-1.498484
-1.498116
-1.495149
-1.486798
-1.504342
-1.497403
-1.400269
-1.441764
-1.485984
-1.497756
-1.493123
-1.455244
-1.492118
-1.502424
-1.480093
-1.492969
-1.497612
-1.496867
-1.493608
-1.403243
-1.456305
-1.379232
-1.500096
-1.498358
-1.473646
-1.477374
-1.442043
-1.488111
-1.501101
-1.499693
-1.495534
-1.439104
-1.494014
-1.498233
-1.454828
-1.494757
-1.466886
-1.483134
-1.49536
-1.501893
-1.497193
-1.493402
-1.495437
-1.495169
-1.486922
-1.492749
-1.492675
-1.498927
-1.495595
-1.480089
-1.442797
-1.44513
-1.482579
-1.4954
-1.497972
-1.491248
-1.482739
-1.465313
-1.497187
-1.404701
-1.499834
-1.500634
-1.500388
-1.498157
-1.497205
-1.492001
-1.462489
-1.488202
-1.491522
-1.499145
-1.494627
-1.498041
-1.487817
-1.49633
-1.488037
-1.499896
-1.492906
-1.491052
-1.412686
-1.498046
-1.473981
-1.503116
-1.497715
-1.499228
-1.496149
-1.499118
-1.302741
-1.497294
-1.497756
-1.497134
-1.486955
-1.499545
-1.465478
-1.49848
-1.497206
-1.495182
-1.486968
-1.497037
-1.498249
-1.493831
-1.495848
-1.49864
-1.459719
-1.495735
-1.498686
-1.491919
-1.497205
-1.499876
-1.491498
-1.42908
-1.49763
-1.493376
-1.469871
-1.498829
-1.495698
-1.501393
-1.406844
-1.49444
-1.5036
-1.497337
-1.49707
-1.491459
-1.496881
-1.494253
-1.494117
-1.490892
-1.484905
-1.500093
-1.450335
-1.484918
-1.494389
-1.499053
-1.48421
-1.496563
-1.501717
-1.471266
-1.498315
-1.497245
-1.509594
-1.494189
-1.510622
-1.50281
-1.490767
-1.50081
-1.496192
-1.497594
-1.495994
-1.495014
-1.468956
-1.464656
-1.495544
-1.395943
-1.448046
-1.456021
-1.499974
-1.491219
-1.513436
-1.49886
-1.492194
-1.496608
-1.483312
-1.417382
-1.497394
-1.49871
-1.496624
-1.495639
-1.493589
-1.427852
-1.462287
-1.504043
-1.440492
-1.477106
-1.48435
-1.496994
-1.483419
-1.493572
-1.48531
-1.491708
-1.499534
-1.494895
-1.498586
-1.505542
-1.498422
-1.484346
-1.49863
-1.497497
-1.499239
-1.498094
-1.498724
-1.499942
-1.501688
-1.454127
-1.496715
-1.499784
-1.447224
-1.498361
-1.500122
-1.486104
-1.427289
-1.407488
-1.499462
-1.491977
-1.488958
-1.475469
-1.500784
-1.500244
-1.488913
-1.500857
-1.497346
-1.478577
-1.462509
-1.498748
-1.497519
-1.497413
-1.486935
-1.499415
-1.487903
-1.497196
-1.488774
-1.498377
-1.497492
-1.494479
-1.501601
-1.499473
-1.498775
-1.48769
-1.49659
-1.476382
-1.498485
-1.498623
-1.499439
-1.501057
-1.50423
-1.497919
-1.49019
-1.48224
-1.489072
-1.436161
-1.489329
-1.375501
-1.494103
-1.497776
-1.456235
-1.404826
-1.501536
-1.438079
-1.456195
-1.469395
-1.500768
-1.496237
-1.498096
-1.49682
-1.493183
-1.494497
-1.497178
-1.492776
-1.501048
-1.494411
-1.501967
-1.495703
-1.497998
-1.460909
-1.429702
-1.320045
-1.499354
-1.501243
-1.49546
-1.497839
-1.484773
-1.497293
-1.483888
-1.498378
-1.496848
-1.499314
-1.476863
-1.498583
-1.501615
-1.476883
-1.481419
-1.497999
-1.499694
-1.498547
-1.495598
-1.500354
-1.419906
-1.498029
-1.499536
-1.488609
-1.500802
-1.458292
-1.498969
-1.471986
-1.493402
-1.466293
-1.431492
-1.495183
-1.50738
-1.492197
-1.503629
-1.499025
-1.497805
-1.505189
-1.44712
-1.463927
-1.458765
-1.495501
-1.467034
-1.49979
-1.49522
-1.500243
-1.464323
-1.494188
-1.494979
-1.486915
-1.498095
-1.49718
-1.452184
-1.492656
-1.496269
-1.486006
-1.496755
-1.495568
-1.51332
-1.499169
-1.492709
-1.490684
-1.498585
-1.490522
-1.489829
-1.422618
-1.40559
-1.434661
-1.479283
-1.47278
-1.498374
-1.517127
-1.491015
-1.497566
-1.487165
-1.496954
-1.495692
-1.485065
-1.480645
-1.495921
-1.498586
-1.481802
-1.399119
-1.49598
-1.496653
-1.498672
-1.497058
-1.492133
-1.500642
-1.491576
-1.433397
-1.493842
-1.494164
-1.496076
-1.497435
-1.497436
-1.49798
-1.49834
-1.496611
-1.501143
-1.496744
-1.477019
-1.487618
-1.488041
-1.458265
-1.483152
-1.499757
-1.498707
-1.47015
-1.498705
-1.495644
-1.485379
-1.480901
-0.685153
-1.497385
-1.496842
-1.497205
-1.49175
-1.497158
-1.496969
-1.488561
-1.48915
-1.481547
-1.4919
-1.491362
-1.497649
-1.501113
-1.496902
-1.479653
-1.483804
-1.494814
-1.499271
-1.472283
-1.498726
-1.497992
-1.433104
-1.4813
-1.499564
-1.495206
-1.498259
-1.495497
-1.491895
-1.494823
-1.497788
-1.501711
-1.49223
-1.497553
-1.536244
-1.491913
-1.497845
-1.502222
-1.492478
-1.439436
-1.500502
-1.500875
-1.495461
-1.487444
-1.497484
-1.396592
-1.494329
-1.497677
-1.494755
-1.502013
-1.494342
-1.501339
-1.502463
-1.494026
-1.496087
-1.494909
-1.497667
-1.498287
-1.493693
-1.47804
-1.496114
-1.489512
-1.494235
-1.495617
-1.494291
-1.497596
-1.479306
-1.488847
-1.48868
-1.432397
-1.498166
-1.490147
-1.4923
-1.489884
-1.495529
-1.49308
-1.421404
-1.436799
-1.484026
-1.498345
-1.49945
-1.497898
-1.490864
-1.498073
-1.489516
-1.466613
-1.495053
-1.47256
-1.497147
-1.495821
-1.483044
-1.49341
-1.499422
-1.477409
-1.498496
-1.474541
-1.452538
-1.510209
-1.498808
-1.497768
-1.49954
-1.498925
-1.485275
-1.465707
-1.502962
-1.489097
-1.498998
-1.500251
-1.497322
-1.437793
-1.499604
-1.489356
-1.481263
-1.498149
-1.492652
-1.490472
-1.506222
-1.473647
-1.468986
-1.494721
-1.458765
-1.495201
-1.496785
-1.493014
-1.498432
-1.499141
-1.496598
-1.47331
-1.500586
-1.499511
-1.494584
-1.496471
-1.488739
-1.493577
-1.500314
-1.497073
-1.485136
-1.426569
-1.499918
-1.498199
-1.493607
-1.501151
-1.42538
-1.420052
-1.478466
-1.494283
-1.499155
-1.46198
-1.469507
-1.514522
-1.485874
-1.496246
-1.496466
-1.494219
-1.501547
-1.493181
-1.493126
-1.495739
-1.500324
-1.450901
-1.497686
-1.43205
-1.496725
-1.504611
-1.494331
-1.491673
-1.492185
-1.500376
-1.497022
-1.49854
-1.496509
-1.474991
-1.490709
-1.38697
-1.497589
-1.490395
-1.497479
-1.49635
-1.493379
-1.497593
-1.499051
-1.496788
-1.498599
-1.47455
-1.494241
-1.507025
-1.4962
-1.51818
-1.49308
-1.494587
-1.490847
-1.500543
-1.512579
-1.460266
-1.469478
-1.429062
-1.502721
-1.434815
-1.464178
-1.494715
-1.487487
-1.500374
-1.495533
-1.501316
-1.489713
-1.467462
-1.495851
-1.495694
-1.408995
-1.487114
-1.499243
-1.421915
-1.49258
-1.4918
-1.499644
-1.49492
-1.500005
-1.498125
-1.497862
-1.49962
-1.494373
-1.496264
-1.470412
-1.502135
-1.472179
-1.493372
-1.488853
-1.496322
-1.485673
-1.500003
-1.489197
-1.383985
-1.483981
-1.493679
-1.447569
-1.469233
-1.472936
-1.496517
-1.491125
-1.500215
-1.324111
-1.360678
-1.478688
-1.484134
-1.423426
-1.480984
-1.500315
-1.36067
-1.493129
-1.500558
-1.478177
-1.49605
-1.493117
-1.416898
-1.427303
-1.497316
-1.496707
-1.338853
-1.01302
-1.483782
-1.433591
-1.487795
-1.262277
-1.495753
-1.491544
-1.496022
-1.491393
-1.491425
-1.42612
-1.497848
-1.477469
-1.465565
-1.498989
-1.49638
-1.491584
-1.494059
-1.474261
-1.491291
-1.494236
-1.491483
-1.498947
-1.493123
-1.436926
-1.495861
-1.495753
-1.496965
-1.497551
-1.494904
-1.369684
-1.471776
-1.483116
-1.498087
-1.497012
-1.490317
-1.492168
-1.481927
-1.494714
-1.496371
-1.499309
-1.494256
-1.494877
-1.492724
-1.500788
-1.498063
-1.497306
-1.472472
-1.489139
-1.504329
-1.495926
-1.449699
-1.490956
-1.495772
-1.486669
-1.502133
-1.497542
-1.499361
-1.372599
-1.497371
-1.46294
-1.498247
-1.500726
-1.466348
-1.331984
-1.497573
-1.499501
-1.495598
-1.497855
-1.502063
-1.496076
-1.49338
-1.484912
-1.497655
-1.512135
-1.426502
-1.498764
-1.496361
-1.488502
-1.421906
-1.395262
-1.502881
-1.495333
-1.500231
-1.500974
-1.494787
-1.499669
-1.494968
-1.406183
-1.477818
-1.498547
-1.419009
-1.491206
-1.494789
-1.48578
-1.498105
-1.497735
-1.197017
-1.498553
-1.444129
-1.493785
-1.478823
-1.496156
-1.488944
-1.496529
-1.495266
-1.500619
-1.481909
-1.445527
-1.497782
-1.479593
-1.495028
-1.495031
-1.491721
-1.496123
-1.497414
-1.500006
-1.434304
-1.498973
-1.464985
-1.493672
-1.500707
-1.499774
-1.424201
-1.498059
-1.482813
-1.496327
-1.383217
-1.503141
-1.497425
-1.496499
-1.459138
-1.498458
-1.496107
-1.456234
-1.452673
-1.486567
-1.412627
-1.497563
-1.496905
-1.504161
-1.495135
-1.481686
-1.419115
-1.491146
-1.433456
-1.498046
-1.498824
-1.499676
-1.468852
-1.497477
-1.459718
-1.497631
-1.494135
-1.496418
-1.342646
-1.494567
-1.507209
-1.485925
-1.47811
-1.491197
-1.499869
-1.495052
-1.481563
-1.455695
-1.497856
-1.495481
-1.439494
-1.49619
-1.492695
-1.497034
-1.493301
-1.498448
-1.493046
-1.489274
-1.489821
-1.499046
-1.492688
-1.49126
-1.495951
-1.436753
-1.491699
-1.495974
-1.472811
-1.495064
-1.492802
-1.496271
-1.497078
-1.495597
-1.483586
-1.279791
-1.472089
-1.498884
-1.495753
-1.494952
-1.499224
-1.460614
-1.498442
-1.498913
-1.477988
-1.501418
-1.457018
-1.492904
-1.496366
-1.327394
-1.47396
-1.49955
-1.498036
-1.363827
-1.496539
-1.487268
-1.341268
-1.477064
-1.463032
-1.325653
-1.499981
-1.496196
-1.501923
-1.498589
-1.400968
-1.500931
-1.497367
-1.49754
-1.496992
-1.497
-1.484643
-1.500551
-1.503209
-1.468193
-1.496097
-1.464717
-1.500065
-1.493573
-1.491225
-1.429972
-1.495879
-1.494414
-1.497918
-1.491833
-1.501186
-1.497873
-1.493112
-1.418204
-1.501198
-1.480902
-1.498656
-1.500166
-1.496705
-1.497836
-1.458114
-1.497372
-1.4691
-1.484656
-1.498751
-1.498331
-1.488354
-1.49272
-1.500627
-1.483125
-1.501405
-1.468981
-1.498438
-1.491455
-1.502271
-1.49881
-1.496012
-1.494506
-1.509041
-1.499528
-1.490758
-1.494645
-1.496393
-1.414498
-1.481205
-1.495648
-1.496905
-1.491519
-1.499798
-1.494069
-1.497203
-1.491915
-1.493629
-1.486087
-1.498819
-1.49478
-1.499191
-1.497855
-1.450256
-1.499383
-1.496927
-1.496817
-1.498525
-1.502595
-1.426651
-1.493356
-1.392256
-1.499672
-1.495286
-1.492624
-1.498654
-1.498907
-1.431145
-1.499869
-1.507119
-1.463383
-1.490813
-1.498759
-1.493932
-1.498843
-1.501738
-1.411213
-1.499498
-1.490265
-1.499449
-1.49624
-1.498532
-1.481662
-1.493513
-1.499871
-1.4918
-1.491744
-1.497581
-1.484239
-1.496914
-1.498621
-1.497646
-1.491144
-1.501382
-1.435507
-1.493279
-1.453821
-1.48695
-1.419453
-1.471813
-1.496658
-1.495871
-1.49845
-1.493865
-1.496579
-1.497855
-1.400838
-1.439338
-1.496286
-1.49869
-1.491936
-1.500795
-1.523484
-1.500817
-1.508367
-1.500142
-1.502081
-1.473342
-1.498053
-1.45933
-1.494156
-1.495716
-1.494554
-1.494607
-1.347457
-1.481903
-1.48057
-1.501429
-1.440032
-1.49795
-1.490856
-1.489422
-1.464898
-1.480795
-1.517371
-1.409008
-1.494403
-1.491797
-1.480279
-1.445944
-1.494427
-1.499267
-1.498104
-1.484948
-1.497871
-1.496767
-1.460872
-1.499394
-1.497018
-1.499182
-1.459382
-1.497582
-1.4428
-1.490504
-1.498119
-1.497548
-1.489327
-1.401768
-1.499058
-1.484363
-1.499135
-1.483312
-1.493062
-1.472856
-1.493794
-1.501113
-1.496858
-1.372348
-1.412842
-1.492044
-1.500032
-1.496348
-1.49402
-1.499451
-1.497623
-1.495207
-1.493857
-1.4557
-1.496345
-1.496214
-1.449034
-1.505119
-1.394325
-1.423173
-1.494123
-1.486151
-1.500095
-1.50179
-1.494509
-1.497512
-1.486612
-1.487609
-1.501362
-1.496042
-1.476441
-1.496494
-1.496
-1.49285
-1.494102
-1.309729
-1.499966
-1.499645
-1.493773
-1.499561
-1.496532
-1.494591
-1.495133
-1.491871
-1.530788
-1.501584
-1.420288
-1.496168
-1.496296
-1.361264
-1.497072
-1.494687
-1.49623
-1.497084
-1.48765
-1.377457
-1.497137
-1.50118
-1.491613
-1.499616
-1.498585
-1.486748
-1.461546
-1.501172
-1.487068
-1.499452
-1.498354
-1.496272
-1.497833
-1.500583
-1.501454
-1.500596
-1.493882
-1.495458
-1.49218
-1.491847
-1.500137
-1.489193
-1.498203
-1.46545
-1.499757
-1.493501
-1.498065
-1.468281
-1.488731
-1.493819
-1.488802
-1.477234
-1.500547
-1.497612
-1.488149
-1.498033
-1.499669
-1.455856
-1.496313
-1.489362
-1.495638
-1.422446
-1.467272
-1.499627
-1.496504
-1.492734
-1.483922
-1.494282
-1.501362
-1.474244
-1.501238
-1.500146
-1.410858
-1.493474
-1.500984
-1.427287
-1.496527
-1.499818
-1.497775
-1.497983
-1.463185
-1.364884
-1.495905
-1.498605
-1.480355
-1.49365
-1.494817
-1.496696
-1.478768
-1.475817
-1.492534
-1.374769
-1.48069
-1.481994
-1.5159
-1.492619
-1.491231
-1.386191
-1.493268
-1.491739
-1.491753
-1.363594
-1.499321
-1.493712
-1.464091
-1.497431
-1.495893
-1.496152
-1.494853
-1.49594
-1.497772
-1.490665
-1.479112
-1.495222
-1.451654
-1.484171
-1.493369
-1.494857
-1.498196
-1.483678
-1.496369
-1.505577
-1.492951
-1.478552
-1.498155
-1.499501
-1.445824
-1.497227
-1.474075
-1.490916
-1.499733
-1.496396
-1.491378
-1.499828
-1.494409
-1.493834
-1.487434
-1.495889
-1.423927
-1.49817
-1.490409
-1.494337
-1.500904
-1.497302
-1.495634
-1.494025
-1.498654
-1.49847
-1.497603
-1.49789
-1.493121
-1.495334
-1.501782
-1.493369
-1.486728
-1.495786
-1.495065
-1.495204
-1.490549
-1.501856
-1.500462
-1.427602
-1.471729
-1.496907
-1.494153
-1.469949
-1.479622
-1.486912
-1.497804
-1.470114
-1.431515
-1.489071
-1.49941
-1.492749
-1.495739
-1.497218
-1.486317
-1.499075
-1.345943
-1.479622
-1.49862
-1.499083
-1.497424
-1.465302
-1.491972
-1.490995
-1.496724
-1.4768
-1.486244
-1.503715
-1.498
-1.487448
-1.494679
-1.443356
-1.498435
-1.500727
-1.435224
-1.497766
-1.400974
-1.499416
-1.493372
-1.49945
-1.49834
-1.500169
-1.476869
-1.499598
-1.495142
-1.498904
-1.444754
-1.353046
-1.496563
-1.43669
-1.498109
-1.483648
-1.497939
-1.496981
-1.492106
-1.495783
-1.441596
-1.503817
-1.495731
-1.495939
-1.496761
-1.500147
-1.421497
-1.496539
-1.495301
-1.492872
-1.497671
-1.500834
-1.501697
-1.48913
-1.488032
-0.61576
-1.496464
-1.432187
-1.484138
-1.492657
-1.503103
-1.42475
-1.372265
-1.501109
-1.430001
-1.499928
-1.486337
-1.493865
-1.489476
-1.498053
-1.469615
-1.498294
-1.406825
-1.492657
-1.501606
-1.494163
-1.389421
-1.493045
-1.499571
-1.499099
-1.500277
-1.496432
-1.499662
-1.488784
-1.496571
-1.454094
-1.495177
-1.495449
-1.344185
-1.483456
-1.496398
-1.494404
-1.500983
-1.477937
-1.469774
-1.501926
-1.479293
-1.445185
-1.498152
-1.50105
-1.495168
-1.488554
-1.488651
-1.484277
-1.49863
-1.495598
-1.490947
-1.497127
-1.490187
-1.399394
-1.498364
-1.495205
-1.497862
-0.853825
-1.495078
-1.472663
-1.409337
-1.489378
-1.494587
-1.38453
-1.493636
-1.499469
-1.494079
-1.459346
-1.353074
-1.50008
-1.490918
-1.495013
-1.46878
-1.500159
-1.497562
-1.499627
-1.499131
-1.497246
-1.457923
-1.467186
-1.497797
-1.496054
-1.494823
-1.484383
-1.493079
-1.392087
-1.472403
-1.486641
-1.491347
-1.495555
-1.522612
-1.493439
-1.489938
-1.472869
-1.498215
-1.498494
-1.498635
-1.496032
-1.498411
-1.492426
-1.495771
-1.48398
-1.49178
-1.463655
-1.495403
-1.497618
-1.507452
-1.47956
-1.433933
-1.496277
-1.351171
-1.499919
-1.502562
-1.497031
-1.433994
-1.497914
-1.497444
-1.484926
-1.498564
-1.498402
-1.404498
-1.485081
-1.496021
-1.495643
-1.502057
-1.480018
-1.470236
-1.464795
-1.499998
-1.497933
-1.468303
-1.496292
-1.492939
-1.493617
-1.496844
-1.498235
-1.493946
-1.49727
-1.499842
-1.467055
-1.495855
-1.496377
-1.509992
-1.491767
-1.496688
-1.489819
-1.497242
-1.501434
-1.493738
-1.5027
-1.500272
-1.496526
-1.489525
-1.49997
-1.498972
-1.498075
-1.489513
-1.496957
-1.496149
-1.498279
-1.439296
-1.473313
-1.486661
-1.458103
-1.494464
-1.500411
-1.491819
-1.485723
-1.500189
-1.445703
-1.490889
-1.495324
-1.442996
-1.477955
-1.49581
-1.501778
-1.497796
-1.499765
-1.495629
-1.495796
-1.379659
-1.495932
-1.4997
-1.492193
-1.493391
-1.502115
-1.498717
-1.494113
-1.491192
-1.498833
-1.474472
-1.493875
-1.470562
-1.499509
-1.497815
-1.469355
-1.495646
-1.499711
-1.430358
-1.495806
-1.5006
-1.410631
-1.468079
-1.495262
-1.495446
-1.500377
-1.37359
-1.498878
-1.4959
-1.495386
-1.497993
-1.451291
-1.506754
-1.489122
-1.490797
-1.496815
-1.498974
-1.490663
-1.490092
-1.492156
-1.397272
-1.496607
-1.496703
-1.499771
-1.394417
-1.468978
-1.481311
-1.490511
-1.498175
-1.474166
-1.499303
-1.49683
-1.483291
-1.496429
-1.496355
-1.50204
-1.441061
-1.488686
-1.481094
-1.430299
-1.451389
-1.491676
-1.478198
-1.484086
0.712489
-1.501038
-1.458281
-1.482277
-1.495003
-1.499548
-1.44779
-1.496375
-1.499216
-1.438596
-1.498314
-1.457763
-1.495622
-1.354456
-1.497258
-1.482649
-1.496745
-1.497756
-1.495524
-1.499911
-1.478995
-1.496387
-1.483895
-1.379403
-1.448459
-1.495431
-1.470693
-1.49655
-1.424464
-1.48912
-1.410416
-1.494608
-1.497086
-1.496166
-1.499714
-1.487692
-1.452106
-1.494103
-1.493675
-1.501683
-1.495968
-1.496779
-1.479243
-1.497677
-1.50053
-1.488112
-1.492832
-1.503232
-1.478775
-1.49991
-1.488644
-1.497822
-1.493837
-1.491558
-1.493652
-1.498988
-1.468173
-1.025009
-1.482729
-1.502654
-1.49797
-1.494914
-1.492435
-1.498811
-1.49956
-1.498523
-1.437485
-1.499855
-1.431409
-1.499709
-1.493776
-1.498772
-1.498489
-1.496362
-1.498896
-1.499669
-1.496684
-1.495835
-1.499553
-1.498443
-1.487592
-1.37808
-1.491622
-1.465148
-1.481395
-1.512966
-1.499045
-1.4899
-1.494887
-1.49781
-1.499393
-1.498456
-1.494865
-1.49776
-1.497814
-0.221767
-1.496245
-1.498254
-1.500024
-1.487674
-1.492726
-1.437264
-1.491683
-1.497584
-1.456442
-1.492283
-1.497761
-1.50056
-1.493958
-1.491927
-1.495405
-1.424991
-1.473066
-1.502692
-1.469675
-1.498094
-1.489486
-1.500635
-1.497132
-1.505129
-1.493866
-1.495778
-1.492614
-1.472435
-1.463313
-1.487549
-1.497577
-1.498972
-1.497383
-1.496735
-1.495104
-1.468623
-1.423223
-1.497075
-1.49396
-1.500113
-1.471179
-1.461233
-1.498967
-1.502215
-1.49942
-1.492063
-1.497826
-1.50047
-1.442026
-1.451731
-1.481333
-1.496713
-1.497949
-1.497679
-1.487487
-1.496333
-1.474271
-1.495871
-1.501625
-1.487095
-1.471845
-1.502367
-1.488171
-1.497703
-1.478394
-1.495311
-1.480259
-1.434738
-1.499112
-1.497734
-1.501707
-1.479856
-1.493817
-1.496827
-1.498271
-1.492893
-1.479347
-1.47028
-1.483064
-1.498561
-1.424034
-1.507717
-1.493383
-1.41108
-1.494556
-1.498161
-1.436145
-1.501118
-1.496691
-1.493738
-1.493094
-1.498938
-1.433136
-1.499665
-1.472016
-1.497297
-1.498936
-1.488506
-1.492229
-1.462167
-1.50108
-1.501805
-1.495094
-1.479384
-1.497254
-1.494725
-1.378329
-1.495594
-1.494131
-1.495208
-1.47758
-1.439906
-1.501449
-1.496539
-1.501208
-1.492629
-1.47808
-1.483048
-1.497455
-1.500603
-1.497109
-1.443919
-1.494355
-1.472059
-1.496162
-1.496655
-1.491184
-1.498915
-1.494387
-1.499618
-1.495009
-1.497644
-1.446613
-1.497894
-1.489635
-1.497109
-1.51124
-1.503346
-1.454098
-1.496407
-1.479179
-1.496549
-1.472679
-1.495587
-1.490322
-1.479964
-1.499873
-1.498406
-1.495408
-1.496408
-1.498364
-1.442471
-1.496263
-1.462282
-1.488399
-1.498651
-1.497097
-1.499822
-1.496681
-1.421027
-1.496499
-1.476941
-1.48772
-1.484582
-1.458096
-1.488608
-1.493462
-1.49886
-1.494629
-1.474684
-1.368912
-1.477578
-1.498437
-1.497776
-1.496928
-1.472902
-1.501526
-1.496558
-1.48016
-1.480443
-1.499898
-1.499647
-1.493958
-1.489814
-1.50158
-1.502333
-1.49654
-1.49875
-1.486606
-1.496308
-1.496325
-1.478697
-1.50156
-1.411285
-1.493087
-1.495387
-1.489261
-1.453669
-1.498201
-1.506359
-1.455232
-1.501063
-1.491615
-1.45131
-1.493594
-1.494161
-1.495429
-1.478458
-1.443773
-1.475332
-1.464805
-1.475482
-1.378908
-1.474191
-1.498427
-1.497184
-1.483719
-1.498897
-1.496646
-1.49922
-1.448636
-1.489297
-1.512918
-1.49919
-1.494962
-1.491678
-1.496955
-1.499291
-1.440874
-1.499199
-1.488729
-1.49706
-1.496304
-1.496932
-1.501128
-1.493
-1.405141
-1.456975
-1.489375
-1.500733
-1.501008
-1.496558
-1.485112
-1.398261
-1.494122
-1.491854
-1.487759
-1.481688
-1.489722
-1.499302
-1.497717
-1.493058
-1.294491
-1.451588
-1.460458
-1.484198
-1.480087
-1.496944
0.420297
-1.496497
-1.497981
-1.499381
-1.468117
-1.405206
-1.495007
-1.498304
-1.475405
-1.483527
-1.494527
-1.488512
-1.501127
-1.496592
-1.510851
-1.488855
-1.496737
-1.497619
-1.490979
-1.4867
-1.495579
-1.499223
-1.499134
-1.475299
-1.467339
-1.497901
-1.499037
-1.500434
-1.497293
-1.496276
-1.495426
-1.462282
-1.49586
-1.466982
-1.494164
-1.498899
-1.495406
-1.499486
-1.492626
-1.493601
-1.46631
-1.482483
-1.500061
-1.49274
-1.496926
-1.498433
-1.470956
-1.498855
-1.499758
-1.405844
-1.49538
-1.497725
-1.50018
-1.424627
-1.491716
-1.498166
-1.446538
-1.495241
-1.487715
-1.496452
-1.490442
-1.496229
-1.499014
-1.490484
-1.499355
-1.349706
-1.494203
-1.496904
-1.499547
-1.497638
-1.491071
-1.481132
-1.479567
-1.485278
-1.331501
-1.479129
-1.499303
-1.497301
-1.49876
-1.497423
-1.49673
-1.445523
-1.499635
-1.49604
-1.486043
-1.496174
-1.425598
-1.499183
-1.287877
-1.492774
-1.494484
-1.476583
-1.49963
-1.391989
-1.498245
-1.495905
-1.492829
-1.502018
-1.394049
-1.414623
-1.491487
-1.497897
-1.406
-1.478194
-1.492026
-1.499271
-1.497939
-1.484561
-1.495416
-1.500363
-1.499465
-1.497403
-1.486719
-1.491162
-1.49786
-1.498651
-1.492657
-1.497968
-1.499742
-1.488795
-1.49986
-1.492049
-1.52344
0.135323
-1.495148
-1.427573
-1.49667
-1.491326
-1.503607
-1.494906
-1.487847
-1.494444
-1.476369
-1.489066
-1.4954
-1.49729
-1.501598
-1.486148
-1.491685
-1.498598
-1.351568
-1.497655
-1.452395
-1.497138
-1.471088
-1.497439
-1.499054
-1.485955
-1.49929
-1.492662
-1.487733
-1.499698
-1.498467
-1.491431
-1.500143
-1.492642
-1.448832
-1.497165
-1.499247
-1.482449
-1.473375
-1.510994
-1.499944
-1.482353
-1.49842
-1.327225
-1.501651
-1.505779
-1.506692
-1.490818
-1.494414
-1.483172
-1.49422
-1.488624
-1.498251
-1.495381
-1.491321
-1.348271
-1.496106
-1.487388
-1.491755
-1.4866
-1.381431
-1.498669
-1.450403
-1.494421
-1.500094
-1.497034
-1.465881
-1.493716
-1.495464
-1.495408
-1.498659
-1.389311
-1.497351
-1.494346
-1.551963
-1.501409
-1.501427
-1.457557
-1.501223
-1.42398
-1.498491
-1.45281
-1.503613
-1.499655
-1.496115
-1.47296
-1.488234
-1.500171
-1.492554
-1.500045
-1.501518
-1.49588
-1.503616
-1.497479
-1.500305
-1.482837
-1.502224
-1.499579
-1.497908
-1.490438
-1.484648
-1.49432
-1.493653
-1.413286
-1.51201
-1.497314
-1.499766
-1.493504
-1.496189
-1.500563
-1.501626
-1.492272
-1.485709
-1.481484
-1.499117
-1.490507
-1.496158
-1.497455
-1.499725
-1.484302
-1.497201
-1.486156
-1.494885
-1.47324
-1.480346
-1.493859
-1.49526
-1.484131
-1.491263
-1.498166
-1.396507
-1.465925
-1.496619
-1.408122
-1.488359
-1.478412
-1.49837
-1.501384
-1.496569
-1.489924
-1.499197
-1.500849
-1.495187
-1.49917
-1.495137
-1.475778
-1.500078
-1.49099
-1.476758
-1.500644
-1.389478
-1.488688
-1.481836
-1.497573
-1.488989
-1.488027
-1.514034
-1.424798
-1.482517
-1.500475
-1.466957
-1.475967
-1.495453
-1.499679
-1.447102
-1.499984
-1.48228
-1.500242
-1.496066
-1.331852
-1.489075
-1.499005
-1.498316
-1.488998
-1.497492
-1.493389
-1.499104
-1.461143
-1.499108
-1.496041
-1.503141
-1.492996
-1.498316
-1.506267
-1.493328
-1.494489
-1.399349
-1.420051
-1.386545
-1.500279
-1.499991
-1.496071
-1.495623
-1.498076
-1.495878
-1.499696
-1.49782
-1.497662
-1.502959
-1.495621
-1.494817
-1.497378
-1.495336
-1.478113
-1.44749
-1.449667
-1.48604
-1.496612
-1.49315
-1.499941
-1.49694
-1.494886
-1.491315
-1.496717
-1.498918
-1.502537
-1.459246
-1.497748
-1.496482
-1.495249
-1.429073
-1.488977
-1.49847
-1.498293
-1.460052
-1.497209
-1.497641
-1.50319
-1.374374
-1.496385
-1.517407
-1.478387
-1.46794
-1.49469
-1.474581
-1.4544
-1.492785
-1.493082
-1.493231
-1.493917
-1.479042
-1.445566
-1.496541
-1.498807
-1.490741
-1.488764
-1.49776
-1.487485
-1.475234
-1.481823
-1.49208
-1.480331
-1.500866
-1.491229
-1.498211
-1.498489
-1.468454
-1.493703
-1.478852
-1.477209
-1.484118
-1.496492
-1.495438
-1.43274
-1.498112
-1.496592
-1.499365
-1.495356
-1.480245
-1.501207
-1.488927
-1.412917
-1.494734
-1.498169
-1.486041
-1.489663
-1.498975
-1.49782
-1.500079
-1.494579
-1.517242
-1.497902
-1.494152
-1.463364
-1.488882
-1.500059
-1.501436
-1.486789
-1.498591
-1.499992
-1.498478
-1.48786
-1.492596
-1.496495
-1.503882
-1.483931
-1.420512
-1.48682
-1.49582
-1.467887
-1.501373
-1.499076
-1.496328
-1.493241
-1.496876
-1.494093
-1.473034
-1.152427
-1.497601
-1.499064
-1.464005
-1.497216
-1.473382
-1.497237
-1.501739
-1.497949
-1.498083
-1.507393
-1.303819
-1.506524
-1.50011
-1.496634
-1.485722
-1.497449
-1.497667
-1.49111
-1.495701
-1.45545
-1.486596
-1.491906
-1.495912
-1.500301
-1.493587
-1.495055
-1.495537
-1.499409
-1.498459
-1.491594
-1.372861
-1.496602
-1.499895
-1.44174
-1.499773
-1.496146
-1.502311
-1.480672
-1.485722
-1.487177
-1.496204
-1.433309
-1.486746
-1.446689
-1.490227
-1.500191
-1.497128
-1.49558
-1.463749
-1.498444
-1.502165
-1.492571
-1.452305
-1.484232
-1.500156
-1.440639
-1.501858
-1.494605
-1.498476
-1.498296
-1.498696
-1.499941
-1.491047
-1.486785
-1.496998
-1.477146
-1.496926
-1.482236
-1.496934
-1.502141
-1.496146
-1.498861
-1.402929
-1.312622
-1.499174
-1.41285
-1.476006
-1.496635
-1.500428
-1.501222
-1.495701
-1.495744
-1.394189
-1.491956
-1.490586
-1.495225
-1.486933
-1.500312
-1.488869
-1.496388
-1.499778
-1.501686
-1.464213
-1.49557
-1.498521
-1.49746
-1.502397
-1.432818
-1.483571
-1.501959
-1.490083
-1.490318
-1.498135
-1.492601
-1.493373
-1.469183
-1.492214
-1.49969
-1.486721
-1.469416
-1.477887
-1.497392
-1.492195
-1.498765
-1.487233
-1.494689
-1.50292
-1.372333
-1.500223
-1.502134
-1.493012
-1.504968
-1.49267
-1.364253
-1.497722
-1.428215
-1.424398
-1.490534
-1.49396
-1.492115
-1.50051
-1.434583
-1.447848
-1.490196
-1.49385
-1.307239
-1.494737
-1.34492
-1.494625
-1.496885
-1.496962
-1.5016
-1.495041
-1.478558
-1.49726
-1.497518
-1.485542
-1.49752
-1.500736
-1.427059
-1.49738
-1.482754
-1.399156
-1.50199
-1.499471
-1.435835
-1.498459
-1.493009
-1.477915
-1.497123
-1.49677
-1.431711
-1.499607
-1.460469
-1.489278
-1.507722
-1.50283
-1.494493
-1.498102
-1.419284
-1.487924
-1.492072
-1.499282
-1.492609
-1.483895
-1.499194
-1.498765
-1.496767
-1.494826
-1.479714
-1.499456
-1.51644
-1.494976
-1.49931
-1.496425
-1.498122
-1.50086
-1.52763
-1.490426
-1.499176
-1.497252
-1.500372
-1.357721
-1.497694
-1.497433
-1.483288
-1.496431
-1.496705
-1.498449
-1.469795
-1.496248
-1.496225
-1.497749
-1.383742
-1.461388
-1.494499
-1.501835
-1.495758
-1.490272
-1.430288
-1.455202
-0.969439
-1.491314
-1.494496
-1.498488
-1.468828
-1.471215
-1.499596
-1.465617
-1.48205
-1.499913
-1.494427
-1.493951
-1.428343
-1.494184
-1.499212
-1.500257
-1.491612
-1.497239
-1.468329
-1.498164
-1.489415
-1.459967
-1.491585
-1.475476
-1.497095
-1.492813
-1.500208
-1.48718
-1.498856
-1.503614
-1.48863
-1.491747
-1.496335
-1.403978
-1.498219
-1.498939
-1.509671
-1.472864
-1.431516
-1.492932
-1.467856
-1.499565
-1.500047
-1.498282
-1.491269
-1.495745
-1.492423
-1.501263
-1.49521
-1.463844
-1.496562
-1.485007
-1.499809
-1.425179
-1.414668
-1.384516
-1.487139
-1.478803
-1.50025
-1.493953
-1.486913
-1.389993
-1.497749
-1.495768
-1.496027
-1.434086
-1.500105
-1.376524
-1.400315
-1.495173
-1.480932
-1.501229
-1.480349
-1.494672
-1.489888
-1.486604
-1.499169
-0.407731
-1.494699
-1.424087
-1.493192
-1.495553
-1.502851
-1.490905
-1.499493
-1.485636
-1.49789
-1.497867
-1.49852
-1.499209
-1.487568
-1.496843
-1.494675
-1.422611
-1.430152
-1.47848
-1.49399
-1.498463
-1.498526
-1.501637
-1.456562
-1.391676
-1.497579
-1.493765
-1.47684
-1.490512
-1.499029
-1.499569
-1.463047
-1.483767
-1.499715
-1.481635
-1.49267
-1.49758
-1.472987
-1.4978
-1.4935
-1.493066
-1.499019
-1.499066
-1.495115
-1.495635
-1.439693
-1.494276
-1.49891
-1.499163
-1.499349
-1.411464
-1.499247
-1.432354
-1.497791
-1.399619
-1.453352
-1.495443
-1.499893
-1.500449
-1.500211
-1.466331
-1.499349
-1.498326
-1.402173
-1.499653
-1.500272
-1.491218
-1.490517
-1.467242
-1.494169
-1.498852
-1.337209
-1.433961
-1.497856
-1.494196
-1.493903
-1.485012
-1.497077
-1.498249
-1.495283
-1.404975
-1.496166
-1.459481
-1.498769
-1.485365
-1.496878
-1.494178
-1.452689
-1.496874
-1.49862
-1.479309
-1.498648
-1.494541
-1.540943
-1.490959
-1.497261
-1.498718
-1.495841
-1.483053
-1.442946
-1.499563
-1.499193
-1.491316
-1.419471
-1.493979
-1.478525
-1.49644
-1.473674
-1.486179
-1.494641
-1.495775
-1.494236
-1.497265
-1.498062
-1.437484
-1.493799
-1.503038
-1.490943
-1.490696
-1.498594
-1.48988
-1.489111
-1.499018
-1.494046
-1.49622
-1.500637
-1.483448
-1.497116
-1.496897
-1.496809
-1.491976
-1.499203
-1.496685
-1.20457
-1.504277
-1.452104
-1.500688
-1.496543
-1.491943
-1.495429
-1.49588
-1.491334
-1.501823
-1.496536
-1.48827
-1.495857
-1.496386
-1.490947
-1.495023
-1.502365
-1.495127
-1.42358
-1.486282
-1.49444
-1.496147
-1.498026
-1.45249
-1.474139
-1.498213
-1.416862
-1.470629
-1.488946
-1.445991
-1.467955
-1.464153
-1.380098
-1.495792
-1.495282
-1.496586
-1.447633
-1.488742
-1.477177
-1.495203
-1.495612
-1.490867
-1.409545
-1.439455
-1.496879
-1.494968
-1.477603
-1.497925
-1.503183
-1.497812
-1.488268
-1.49449
-1.493318
-1.462155
-1.499747
-1.427896
-1.500195
-1.498843
-1.453507
-1.510726
-1.492365
-1.493665
-1.498377
-1.487372
-1.492393
-1.482761
-1.476368
-1.497112
-1.497967
-1.49774
-1.494836
-1.495161
-1.405484
-1.499088
-1.498703
-1.501712
-1.497243
-1.399381
-1.494713
-1.495015
-1.499013
-1.495891
-1.490969
-1.501662
-1.491688
-1.501238
-1.356141
-1.494034
-1.497586
-1.496364
-1.512043
-1.477177
-1.502079
-1.497707
-1.459986
-1.498958
-1.396921
-1.49526
-1.497393
-1.499834
-1.468775
-1.49193
-1.479719
-1.453443
-1.495697
-1.271468
-1.498057
-1.174384
-1.496076
-1.497984
-1.470765
-1.486819
-1.548319
-1.494191
-1.488162
-1.493161
-1.497208
-1.491879
-1.436528
-1.495338
-1.478776
-1.497636
-1.499341
-1.493674
-1.492965
-1.481711
-1.49392
-1.492907
-1.496639
-1.498478
-1.497396
-1.446499
-1.495598
-1.491617
-1.488743
-1.495444
-1.489822
-1.49536
-1.496245
-1.503141
-1.48082
-1.436637
-1.49625
-1.497689
-1.470701
-1.484024
-1.436382
-1.490885
-1.499108
-1.502618
-1.481188
-1.495647
-1.465835
-1.491006
-1.468379
-1.489788
-1.491643
-1.491052
-1.486393
-1.497695
-1.499519
-1.493951
-1.484411
-1.496698
-1.502213
-1.504475
-1.495902
-1.501057
-1.490911
-1.478695
-1.500037
-1.492653
-1.494733
-1.493286
-1.493182
-1.367724
-1.498246
-1.48905
-1.479828
-1.488521
-1.330579
-1.494344
-1.499874
-1.495595
-1.496428
-1.405758
-1.496719
-1.486874
-1.484893
-1.493116
-1.298171
-1.496927
-1.499613
-1.510664
-1.485128
-1.475416
-1.49993
-1.499754
-1.463995
-1.495753
-1.493095
-1.487157
-1.498756
-1.498923
-1.49546
-1.495683
-1.49214
-0.317615
-1.499425
-1.486804
-1.49992
-1.495487
-1.496438
-1.48387
-1.492232
-1.498502
-1.500588
-1.442683
-1.485784
-1.497408
-1.394636
-1.448241
-1.495095
-1.489335
-1.482742
-1.499852
-1.497544
-1.488649
-1.496108
-1.497419
-1.494703
-1.498996
-1.497049
-1.486053
-1.378492
-1.418924
-1.497355
-1.494877
-1.503473
-1.455204
-1.430211
-1.497162
-1.494151
-1.499976
-1.499998
-1.499382
-1.492406
-1.498514
-1.49797
-1.50387
-1.453997
-1.465325
-1.459531
-1.496244
-1.473667
-1.495418
-1.495769
-1.491702
-1.462909
-1.495823
-1.491187
-1.422101
-1.498464
-1.498726
-1.497707
-1.501244
-1.426448
-1.498429
-1.501542
-1.475268
-1.492078
-1.495205
-1.498013
-1.498455
-1.490764
-1.499314
-1.463769
-1.518606
-1.487354
-1.503885
-1.496327
-1.49643
-1.501661
-1.423987
-1.495799
-1.500433
-1.497985
-1.503424
-1.502642
-1.444069
-1.498069
-1.519137
-1.479451
-1.495011
-1.49044
-1.499239
-1.49472
-1.502354
-1.498658
-1.501258
-1.479025
-1.497682
-1.491496
-1.495521
-1.497179
-1.493154
-1.486653
-1.48579
-1.448301
-1.486919
-1.43756
-1.494488
-1.472694
-1.495651
-1.495207
-1.501785
-1.469191
-1.490456
-1.492783
-1.49139
-1.494384
-1.489903
-1.49356
-1.497883
-1.428727
-1.485896
-1.473147
-1.497791
-1.495992
-1.464844
-1.503483
-1.48848
-1.484899
-1.449872
-1.499675
-1.498592
-1.48588
-1.492252
-1.484135
-1.483539
-1.48993
-1.49901
-0.845072
-1.490767
-1.444173
-1.483192
-1.498609
-1.496258
-1.498025
-1.496953
-1.479559
-1.516832
-1.475982
-1.499839
-1.489326
-1.494053
-1.498683
-1.478497
-1.496657
-1.499026
-1.455434
-1.494142
-1.463647
-1.469773
-1.417613
-1.496968
-1.498565
-1.495941
-1.498174
-1.491583
-1.486402
-1.490659
-1.498622
-1.493539
-1.434105
-1.49914
-1.497408
-1.491401
-1.392699
-1.49788
-1.398015
-1.502341
-1.496746
-1.486552
-1.483263
-1.498487
-1.49896
-1.495759
-1.490846
-1.452755
-1.492103
-1.500034
-1.484498
-1.452088
-1.493543
-1.159831
-1.490233
-1.499362
-1.498668
-1.485214
-1.496684
-1.499688
-1.496707
-1.474551
-1.498879
-1.492244
-1.490324
-1.492806
-1.498158
-1.496047
-1.497191
-1.497182
-1.498443
-1.496493
-1.45005
-1.491257
-1.466625
-1.498733
-1.496723
-1.500508
-1.461615
-1.488395
-1.490241
-1.500643
-1.496117
-1.49615
-1.504132
-1.488161
-1.506576
-1.485934
-1.495627
-1.4808
-1.3909
-1.496538
-1.49579
-1.370993
-1.498225
-1.498272
-1.497457
-1.492618
-1.500979
-1.496999
-1.408293
-1.491918
-1.495371
-1.495226
-1.471173
-1.463833
-1.500178
-1.495833
-1.498643
-1.499774
-1.492873
-1.491858
-1.486355
-1.498319
-1.49667
-1.498454
-1.478675
-1.496053
-1.496168
-1.499485
-1.490462
-1.484949
-1.500812
-1.493477
-1.480076
-1.502193
-1.495958
-1.494285
-1.497474
-1.498944
-1.505908
-1.500285
-1.498215
-1.492642
-1.502876
-1.481158
-1.500816
-1.489536
-1.500922
-1.495058
-1.488444
-1.495006
-1.500971
-1.36383
-1.487779
-1.49329
-1.493925
-1.49318
-1.491959
-1.482702
-1.488226
-1.499553
-1.472655
-1.358649
-1.322071
-1.452637
-1.485914
-1.406147
-1.446008
-1.497345
-1.479422
-1.349718
-1.403803
-1.493781
-1.481354
-1.493924
-1.492277
-1.499089
-1.497956
-1.499538
-1.490747
-1.499791
-1.49047
-1.500509
-1.496435
-1.497673
-1.470891
-1.494723
-1.498223
-1.498548
-1.498299
-1.40641
-1.498046
-1.498787
-1.495075
-1.490056
-1.498577
-1.498355
-1.498371
-1.495757
-1.467784
-1.494643
-1.383334
-1.514515
-1.478109
-1.490093
-1.504552
-1.4981
-1.492429
-1.487845
-1.489891
-1.496789
-1.493085
-1.493671
-1.498026
-1.483097
-1.464892
-1.224433
-1.496763
-1.496892
-1.49109
-1.481377
-1.486849
-1.500605
-1.462983
-1.453429
-1.499999
-1.48577
-1.496978
-1.49314
-1.498002
-1.496278
-1.482328
-1.499841
-1.493569
-1.499507
-1.498328
-1.499118
-1.494714
-1.392154
-1.501356
-1.495022
-1.491314
-1.490004
-1.497797
-1.408053
-1.49948
-1.4961
-1.423315
-1.499217
-1.435927
-1.474357
-1.493398
-1.493456
-1.477094
-1.493031
-1.494941
-1.452889
-1.495054
-1.482884
-1.457233
-1.498123
-1.49753
-1.494076
-1.500052
-1.496036
-1.487889
-1.455184
-1.498182
-1.495844
-1.480448
-1.496915
-1.477622
-1.497337
-1.479945
-1.471014
-1.498561
-1.452517
-1.498528
-1.474555
-1.492393
-1.497062
-1.498097
-1.500391
-1.503216
-1.500629
-1.474876
-1.4976
-1.494985
-1.483122
-1.495842
-0.876641
-1.498815
-1.501231
-1.497889
-1.466655
-1.498965
-1.501497
-1.498409
-1.499087
-1.498469
-1.484963
-1.494372
-1.491997
-1.49225
-1.497039
-1.487114
-1.498533
-1.5243
-1.499809
-1.493761
-1.496533
-1.48486
-1.434607
-1.488232
-1.478557
-1.502418
-1.503477
-1.492477
-1.496051
-1.423586
-1.496705
-1.497717
-1.498756
-1.467103
-1.422085
-1.496747
-1.484696
-1.494093
-1.491083
-1.489409
-1.4986
-1.498369
-1.501684
-1.497998
-1.495579
-1.493591
-1.491077
-1.48385
-1.487588
-1.500608
-1.495663
-1.495076
-1.497765
-1.493658
-1.467945
-1.494974
-1.502081
-1.494526
-1.475684
-1.494445
-1.368293
-1.473611
-1.502376
-1.475159
-1.498024
-1.498388
-1.496952
-1.499434
-1.499002
-1.474959
-1.498547
-1.486949
-1.497034
-1.495244
-1.489422
-1.497125
-1.493453
-1.497147
-1.492471
-1.461298
-1.498426
-1.496612
-1.493741
-1.47202
-1.491654
-1.496115
-1.491121
-1.493775
-1.495795
-1.492058
-1.492127
-1.491464
-1.458454
-1.499225
-1.486201
-1.35123
-1.501143
-1.465271
-1.499492
-1.500972
-1.494352
-1.502005
-1.501689
-1.495767
-1.480424
-1.493245
-1.49415
-1.493197
-1.449361
-1.489882
-1.497034
-1.496463
-1.484277
-1.495892
-1.471623
-1.488635
-1.49491
-1.49892
-1.498713
-1.499489
-1.487621
-1.481327
-1.500451
-1.476945
-1.501146
-1.493522
-1.500026
-1.498651
-1.281459
-1.500149
-1.502911
-1.498303
-1.494484
-1.495496
-1.498785
-1.464995
-1.446097
-1.501053
-1.495161
-1.498919
-1.502611
-1.500647
-1.498849
-1.429066
-1.496454
-1.431677
-1.502108
-1.417656
-1.491632
-1.491686
-1.504224
-1.501002
-1.496882
-1.499002
-1.197241
-1.496668
-1.500571
-1.495956
-1.497234
-1.49245
-1.431255
-1.496359
-1.497273
-1.506733
-1.422695
-1.499264
-1.48795
-0.766648
-1.420619
-1.493582
-1.496091
-1.529965
-1.442689
-1.502065
-1.481823
-1.492408
-1.4974
-1.49877
-1.493579
-1.4309
-1.491282
-1.489287
-1.489356
-1.495151
-1.494538
-1.495408
-1.495653
-1.494627
-1.380636
-1.494768
-1.49866
-1.493409
-1.50297
-1.489982
-1.404867
-1.493618
-1.496334
-1.498886
-1.494275
-1.498956
-1.498579
-1.499138
-1.496403
-1.498465
-1.48435
-1.505981
-1.498058
-1.462386
-1.465597
-1.497427
-1.478748
-1.497617
-1.495299
-1.490302
-1.497954
-1.500628
-1.495985
-1.496394
-1.49376
-1.491299
-1.490704
-1.49674
-1.493417
-1.496115
-1.495767
-1.49962
-1.487525
-1.497572
-1.501338
-1.497907
-1.496675
-1.501716
-1.49168
-1.493967
-1.460429
-1.501268
-1.493408
-1.485696
-1.498898
-1.48248
-1.488021
-1.407861
-1.399044
-1.49699
-1.498383
-1.499707
-1.441636
-1.497787
-1.496976
-1.456157
-1.48003
-1.496345
-1.498187
-1.499635
-1.492213
-1.494057
-1.498408
-1.473225
-1.498238
-1.499153
-1.474526
-1.407499
-1.39824
-1.416242
-1.491455
-1.495282
-1.490899
-1.495713
-1.496368
-1.48999
-1.495021
-1.398087
-1.498698
-1.496559
-1.494236
-1.46868
-1.462167
-1.478816
-1.48284
-1.49359
-1.501273
-1.489799
-1.493584
-1.487078
-1.497779
-1.488043
-1.500831
-1.498903
-1.468007
-1.493735
-1.497697
-1.489582
-1.497759
-1.475689
-1.496112
-1.498419
-1.496765
-1.497217
-1.476444
-1.497442
-1.484967
-1.498168
-1.496261
-1.481081
-1.490356
-1.502883
-1.500068
-1.498633
-1.488179
-1.484209
-1.451882
-1.453208
-1.494835
-1.497487
-1.496003
-1.425164
-1.500018
-1.491627
-1.432259
-1.496709
-1.490495
-1.421055
-1.507657
-1.499884
-1.502779
-1.499552
-1.495647
-1.504383
-1.500395
-1.483139
-1.500595
-1.495951
-1.495941
-1.381068
-1.452316
-1.496645
-1.482181
-1.476962
-1.491799
-1.496452
-1.444423
-1.50375
-1.473729
-1.468379
-1.501518
-1.486768
-1.477943
-1.493584
-1.49072
-1.498735
-1.497693
-1.488136
-1.491724
-1.500118
-1.495477
-1.498163
-1.468177
-1.49817
-1.498863
-1.502633
-1.499577
-1.493289
-1.504544
-1.497007
-1.495717
-1.490609
-1.418851
-1.486272
-1.501571
-1.491529
-1.491569
-1.488169
-1.493928
-1.49778
0.075434
-1.490677
-1.457361
-1.502787
-1.499212
-1.498644
-1.494811
-1.492146
-1.472099
-1.447786
-1.496599
-1.495481
-1.497174
-1.494545
-1.484186
-1.493635
-1.495221
-1.479337
-1.387678
-1.496689
-1.441409
-1.492312
-1.495334
-1.453964
-1.485125
-1.501781
-1.491159
-1.491121
-1.485725
-1.497244
-1.494875
-1.496776
-1.498034
-1.496461
-1.496805
-1.496436
-1.330911
-1.473659
-1.497846
-1.500261
-1.486606
-1.478308
-1.497432
-1.4876
-1.488314
-1.495154
-1.494243
-1.486076
-1.504739
-1.498416
-1.494886
-1.50957
-1.496712
-1.49764
-1.469956
-1.419761
-1.499249
-1.498021
-1.495653
-1.491326
-1.422175
-1.500922
-1.484051
-1.491476
-1.496215
-1.493219
-1.487905
-1.491853
-1.486736
-1.49827
-1.493294
-1.487603
-1.456042
-1.500743
-1.492967
-1.503954
-1.498277
-1.498691
-1.498223
-1.485008
-1.498738
-1.498931
-1.49843
-1.494014
-1.484325
-1.408716
-1.498208
-1.489018
-1.501156
-1.472467
-1.403564
-1.493619
-1.497055
-1.509171
-1.419213
-1.49483
-1.499429
-1.433002
-1.495258
-1.496363
-1.482512
-1.489123
-1.486765
-1.472363
-1.495962
-1.496129
-1.486616
-1.472863
-1.482495
-1.467812
-1.447397
-1.500609
-1.499394
-1.477683
-1.496935
-1.489584
-1.495795
-1.499724
-1.44432
-1.499203
-1.468494
-1.496816
-1.497578
-1.512007
-1.477928
-1.498214
-1.488283
-1.484332
-1.444505
-1.478505
-1.493025
-1.49818
-1.45519
-1.5008
-1.467505
-1.494745
-1.49559
-1.484637
-1.50018
-1.4957
-1.490364
-1.393761
-1.493241
-1.496865
-1.467882
-1.498577
-1.482429
-1.500873
-1.495972
-1.489064
-1.499594
-1.497099
-1.497331
-1.495997
-1.49433
-1.492713
-1.492794
-1.495635
-1.489116
-1.490976
-1.495082
-1.497639
-1.48958
-1.478387
-1.496586
-1.498657
-1.493337
-1.500304
-1.498112
-1.483154
-1.501231
-1.501354
-1.496505
-1.493125
-1.491032
-1.497041
-1.496546
-1.498938
-1.496432
-1.498371
-1.485717
-1.499774
-1.491902
-1.496848
-1.496925
-1.464255
-1.499573
-1.489393
-1.498331
-1.497069
-1.482121
-1.49561
-1.489778
-1.482539
-1.499786
-1.499351
-1.46773
-1.423888
-1.501018
-1.499966
-1.489444
-1.496876
-1.48358
-1.483412
-1.500524
-1.501533
-1.495852
-1.501034
-1.49276
-1.494618
-1.494392
-1.467838
-1.498622
-1.492177
-1.49782
-1.49704
-1.456255
-1.500705
-1.48121
-1.491173
-1.468089
-1.498938
-1.492035
-1.472375
-1.500824
-1.495232
-1.499421
-1.49466
-1.495247
-1.499285
-1.490387
-1.498247
-1.49767
-1.498848
-1.032346
-1.48737
-1.499984
-1.496947
-1.48423
-1.500389
-1.501088
-1.498334
-1.499379
-1.487707
-1.495576
-1.508437
-1.465656
-1.445671
-1.496096
-1.499464
-1.504024
-1.49758
-1.496301
-1.494173
-1.496065
-1.336446
-1.498076
-1.395455
-1.496856
-1.491483
-1.496884
-1.492206
-1.461529
-1.507559
-1.498415
-1.502007
-1.426974
-1.49932
-1.500982
-1.49796
-1.494705
-1.495137
-1.436384
-1.494991
-1.493622
-1.497469
-1.500708
-1.497149
-1.453376
-1.494479
-1.500928
-1.500669
-1.494221
-1.472968
-1.462551
-1.500087
-1.49831
-1.52996
-1.493671
-1.497741
-1.495055
-1.51122
-1.496849
-1.50118
-1.43807
-1.478989
-1.486254
-1.460732
-1.485147
-1.195703
-1.49793
-1.492664
-1.495131
-1.494147
-1.495333
-1.489949
-1.494016
-1.496524
-1.351504
-1.494291
-1.493881
-1.497549
-1.449631
-1.494884
-1.487127
-1.496459
-1.496403
-1.450103
-1.49996
-1.486192
-1.457753
-1.494469
-1.495749
-1.49202
-1.490772
-1.495069
-1.404364
-1.490245
-1.497665
-1.500858
-1.490467
-1.492053
-1.495762
-1.498962
-1.483536
-1.494586
-1.496781
-1.498199
-1.248335
-1.491625
-1.490699
-1.496058
-1.501153
-1.492076
-1.495493
-1.502626
-1.495733
-1.473754
-1.497134
-1.477946
-1.492268
-1.496601
-1.489224
-1.366442
-1.49552
-1.499607
-1.501262
-1.499088
-1.475465
-1.49976
-1.494957
-1.492186
-1.498436
-1.500749
-1.498788
-1.475327
-1.497954
-1.504867
-1.499972
-1.485223
-1.461825
-1.493678
-1.375952
-1.49022
-1.497049
-1.499861
-1.461179
-1.496153
-1.496438
-1.497403
-1.499745
-1.457995
-1.414742
-1.492261
-1.492225
-1.4852
-1.49302
-1.479781
-1.497564
-1.433591
-1.492676
-1.273197
-1.430155
-1.490112
-1.461263
-1.497469
-1.459941
-1.502231
-1.493159
-1.470192
-1.501102
-1.497717
-1.500514
-1.499334
-1.468862
-1.49385
-1.498304
-1.496103
-1.502593
-1.474409
-1.47842
-1.480815
-1.499326
-1.493767
-1.493295
-1.516821
-1.47146
-1.497984
-1.494933
-1.501016
-1.164205
-1.473876
-1.484958
-1.495318
-1.497483
-1.498384
-1.493636
-1.481014
-1.481792
-1.497168
-1.49844
-1.503991
-1.495426
-1.492309
-1.495612
-1.488145
-1.459199
-1.493724
-1.494671
-1.437444
-1.490084
-1.462683
-1.455373
-1.494913
-1.494522
-1.493706
-1.477191
-1.495219
-1.498069
-1.400381
-1.49342
-1.526467
-1.399387
-1.498036
-1.486634
-1.462931
-1.496332
-1.496562
-1.373266
-1.496725
-1.495863
-1.498206
-1.494845
-1.498011
-1.477575
-1.497969
-1.497301
-1.447422
-1.471092
-1.497557
-1.496605
-1.488944
-1.34176
-1.493978
-1.498094
-1.495577
-1.499579
-1.513142
-1.496665
-1.47995
-1.493989
-1.493206
-1.502384
-1.498324
-1.498617
-1.480472
-1.460783
-1.502246
-1.49879
-1.420361
-1.490263
-1.498862
-1.468182
-1.498632
-1.498281
-1.478611
-1.501293
-1.495117
-1.485751
-1.475937
-1.458146
-1.476233
-1.492929
-1.490755
-1.504606
-1.496477
-1.499182
-1.499347
-1.487547
-1.496228
-1.498254
-1.501752
-1.483517
-1.480375
-1.502223
-1.486847
-1.335152
-1.495665
-1.475997
-1.495148
-1.49317
-1.499747
-1.497954
-1.499207
-1.464344
-1.493825
-1.487469
-1.494755
-1.499862
-1.492264
-1.465178
-1.495162
-1.498486
-1.48589
-1.457355
-1.496479
-1.454016
-1.497495
-1.496618
-1.500418
-1.499936
-1.497266
-1.496079
-1.48573
-1.495604
-1.493312
-1.490957
-1.47714
-1.499485
-1.501131
-1.470612
-1.499366
-1.498766
-1.495628
-1.491025
-1.499692
-1.506775
-1.499879
-1.49379
-1.496473
-1.492526
-1.498953
-1.494187
-1.49947
-1.499961
-1.499216
-1.499666
-1.456917
-1.496451
-1.48548
-1.496529
-1.494152
-1.454459
-1.498505
-1.489788
-1.500015
-1.419202
-1.500163
-1.485789
-1.50014
-1.491765
-1.495505
-1.498067
-1.499078
-1.501187
-1.475863
-1.502581
-1.478844
-1.501231
-1.485574
-1.497585
-1.465928
-1.499641
-1.497259
-1.494149
-1.496557
-1.47108
-1.431345
-1.490673
-1.492995
-1.498637
-1.478155
-1.492257
-1.495374
-1.434067
-1.445356
-1.468477
-1.482545
-1.497103
-1.481273
-1.499888
-1.474222
-1.451082
-1.498572
-1.498008
-1.501229
-1.498872
-1.497082
-1.491381
-1.46103
-1.495118
-1.492095
-1.487996
-1.498884
-1.496642
-1.492391
-1.483489
-1.497061
-1.483967
-1.49841
-1.498752
-1.47154
-1.496244
-1.445826
-1.498764
-1.500501
-1.477407
-1.497859
-1.496643
-1.477573
-1.440611
-1.414637
-1.49507
-1.472629
-1.497114
-1.493483
-1.498898
-1.488983
-1.49858
-1.485704
-1.496518
-1.427893
-1.500499
-1.494113
-1.498889
-1.496304
-1.489438
-1.494717
-1.495605
-1.489408
-1.49971
-1.468325
-1.478289
-1.49835
-1.48847
-1.500245
-1.49636
-1.493326
-1.495905
-1.460878
-1.496924
-1.463142
-1.488535
-1.487218
-1.49646
-1.473955
-1.425543
-1.488995
-1.497668
-1.492673
-1.467515
-1.475603
-1.499068
-1.504047
-1.488385
-1.487167
-1.48374
-1.463462
-1.493122
-1.497672
-1.492709
-1.48815
-1.494054
-1.439949
-1.496106
-1.490759
-1.451565
-1.49903
-1.497851
-1.537156
-1.489366
-1.491643
-1.406423
-1.491469
-1.499776
-1.418164
-1.339428
-1.469174
-1.494945
-1.498855
-1.480187
-1.450151
-1.499032
-1.495158
-1.476683
-1.497186
-1.494407
-1.496487
-1.458816
-1.499113
-1.383995
-1.497562
-1.496056
-1.430194
-1.496375
-1.49008
-1.498293
-1.497203
-1.496583
-1.459272
-1.49649
-1.493308
-1.472038
-1.470537
0.294498
-1.49568
-1.492602
-1.497419
-1.480143
-1.498267
-1.45484
-1.496847
-1.432578
-1.473778
-1.499359
-1.462863
-1.495771
-1.464984
-1.489332
-1.498132
-1.496911
-1.498711
-1.481283
-1.496815
-1.497112
-1.49908
-1.498828
-1.500941
-1.494009
-1.48601
-1.499596
-1.361103
-1.412532
-1.499835
-1.488564
-1.501598
-1.499144
-1.497863
-1.472067
-1.500458
-1.497979
-1.496612
-1.497376
-1.461574
-1.495953
-1.497819
-1.477871
-1.488886
-1.480917
-1.487368
-1.493308
-1.492563
-1.498824
-1.353611
-1.499055
-1.49217
-1.497656
-1.494027
-1.425072
-1.493124
-1.496144
-1.428672
-1.495071
-1.483521
-1.493379
-1.489536
-1.495737
-1.497191
-1.478707
-1.495332
-1.499575
-1.493506
-1.490111
-1.501016
-1.494802
-1.499846
-1.498086
-1.500687
-1.495017
-1.485001
-1.496176
-1.497089
-1.495982
-1.498411
-1.485628
-1.398413
-1.498833
-1.496059
-1.498592
-1.414521
-1.498463
-1.49635
-1.477606
-1.498171
-1.498679
-1.496989
-1.49854
-1.507734
-1.501606
-1.420446
-1.496007
-1.491038
-1.428963
-1.499356
-1.49224
-1.497875
-1.499805
-1.487607
-1.480443
-1.499421
1.206608
-1.473945
-0.58864
-1.494143
-1.480821
-1.498637
-1.497834
-1.496784
-1.484293
-1.489412
-1.497002
-1.474574
-0.973808
-1.493242
-1.491646
-1.496401
-1.497073
-1.497061
-1.496391
-1.492013
-1.493227
-1.499467
-1.475031
-1.498094
-1.496326
-1.388771
-1.466708
-1.500035
-1.498441
-1.486181
-1.472096
-1.474321
-1.489906
-1.490767
-1.494468
-1.500222
-1.50073
-1.499324
-1.496082
-1.47087
-1.503448
-1.492888
-1.496331
-1.492938
-1.49401
-1.482086
-1.497011
-1.477418
-1.494296
-1.499695
-1.496411
-1.489071
-1.495952
-1.496593
-1.482467
-1.496166
-1.491502
-1.496473
-1.498405
-1.492818
-1.484115
-1.478984
-1.480328
-1.493181
-1.498277
-1.487042
-1.495022
-1.494601
-1.492859
-1.488983
-1.439396
-1.500997
-1.497612
-1.501019
-1.521172
-1.493522
-1.509165
0.066822
-1.496037
-1.468899
-1.492051
-1.494884
-1.492203
-1.448927
-1.49846
-1.487652
-1.481084
-1.498757
-1.487453
-1.49634
-1.50144
-1.494157
-1.498246
-1.49672
-1.47332
-1.500373
-1.440624
-1.488484
-1.480131
-1.493523
-1.489759
-1.493369
-1.500958
-1.434334
-1.454344
-1.494275
-1.491572
-1.494181
-1.493262
-1.494004
-1.486538
-1.469206
-1.470128
-1.495717
-1.491588
-1.501115
-1.497552
-1.500524
-1.489194
-1.496094
-1.4943
-1.494316
-1.495595
-1.496737
-1.468649
-1.529434
-1.497966
-1.496686
-1.434109
-1.460856
-1.503429
-1.497106
-1.495715
-1.498945
-1.496453
-1.494435
-1.499394
-1.497411
-1.492224
-1.499388
-1.3667
-1.487272
-1.495381
-1.491013
-1.493166
-1.472841
-1.514777
-1.49743
-1.495392
-1.501527
-1.500354
-1.489531
-1.489038
-1.494129
-1.48519
-1.466645
-1.463656
-1.495291
-1.495576
-1.426795
-1.498091
-1.484799
-1.494548
-1.491172
-1.493182
-1.481206
-1.494194
-1.477131
-1.499684
-1.494251
-1.45757
-1.48002
-1.498013
-1.500721
-1.499056
-1.407692
-1.493374
-1.493529
-1.481458
-1.498045
-1.498903
-1.498492
-1.503362
-1.486787
-1.494526
-1.508231
-1.487122
-1.389345
-1.489348
-1.501221
-1.494744
-1.49908
-1.483627
-1.489722
-1.497502
-1.499285
-1.482281
-1.496812
-1.498801
-1.49422
-1.497591
-1.494279
-1.501058
-1.50138
-1.502031
-1.475794
-1.495081
-1.49277
-1.393444
-1.489793
-1.499149
-1.497553
-1.424124
-1.4613
-1.484092
-1.499265
-1.497421
-1.453912
-1.474517
-1.496569
-1.499802
-1.49808
-1.492713
-1.496119
-1.482953
-1.497421
-1.449335
-1.497675
-1.493718
-1.49757
-1.499752
-1.498038
-1.473914
-1.489926
-0.686647
-1.497987
-1.49083
-1.501711
-1.498187
-1.405839
-1.497886
-1.497036
-1.491063
-1.426809
-1.496457
-1.463804
-1.493471
-1.494874
-1.480111
-1.494041
-1.487599
-1.48933
-1.500303
-1.46371
-1.508624
-1.499754
-1.407469
-1.480724
-1.477558
-1.49627
-1.492343
-1.443092
-1.490905
-1.47371
-1.500295
-1.461752
-1.489373
-1.471944
-1.495679
-1.490556
-1.495401
-1.482622
-1.498469
-1.495103
-1.499279
-1.480405
-1.494388
-1.49749
-1.501131
-1.468279
-1.484639
-1.491377
-1.499781
-1.489888
-1.498052
-1.492054
-1.496825
-1.494861
-1.494925
-1.501025
-1.487242
-1.495997
-1.497438
-1.499268
-1.497714
-1.502406
-1.497921
-1.499661
-1.483614
-1.493295
-1.497865
-1.500379
-1.48806
-1.495175
-1.483906
-1.500971
-1.496297
-1.491144
-1.498486
-1.482686
-1.340356
-1.492565
-1.500141
-1.499546
-1.498015
-1.500618
-1.496812
-1.448732
-1.499226
-1.503074
-1.494451
-1.439674
-1.495687
-1.497287
-1.49549
-1.407867
-1.497952
-1.480896
-1.499055
-1.492409
-1.451015
-1.497346
-1.49484
-1.494755
-1.498072
-1.499841
-1.398009
-1.49247
-1.490099
-1.497135
-1.497634
-1.499623
-1.497462
-1.49714
-1.490437
-1.495158
-1.491108
-1.498512
-1.497834
-1.497257
-1.495317
-1.485179
-1.497339
-1.497078
-1.494486
-1.453129
-1.484544
-1.474924
-1.498735
-1.487493
-1.496096
-1.494726
-1.482515
-1.499375
-1.499626
-1.496642
-1.496202
-1.497293
-1.525618
-1.498659
-1.435164
-1.505565
-1.488177
-1.478629
-1.466413
-1.499279
-1.492425
-1.480012
-1.494389
-1.462136
-1.496857
-1.499312
-1.496167
-1.487149
-1.498087
-1.505641
-1.493932
-1.320155
-1.498662
-1.50254
-1.494833
-1.49127
-1.500301
-1.499573
-1.49864
-1.434195
-1.468276
-1.499438
-1.494431
-1.494736
-1.497171
-1.480378
-1.495994
-1.439653
-1.497129
-1.497213
-1.499478
-1.493521
-1.491802
-1.496493
-1.501744
-1.498681
-1.494165
-1.49727
-1.495719
-1.440756
-1.491952
-1.483231
-1.490853
-1.500316
-1.497664
-1.496372
-1.498149
-1.494533
-1.46158
-1.477058
-1.497394
-1.401317
-1.434998
-1.488458
-1.495065
-1.488308
-1.496742
-1.496576
-1.508279
-1.500419
-1.501536
-1.497659
-1.49508
-1.495958
-1.471454
-1.493089
-1.470719
-1.495564
-1.495129
-1.482524
-1.495058
-1.494224
-1.495386
-1.49747
-1.499067
-1.497593
-1.079216
-1.499589
-1.498143
-1.493568
-1.455151
-1.495407
-1.49053
-1.4857
-1.491384
-1.464594
-1.467687
-1.496739
-1.489806
-1.494607
-1.496453
-1.430962
-1.503464
-1.50539
-1.497134
-1.499609
-1.464229
-1.473267
-1.498667
-1.498737
-1.497018
-1.462333
-1.494463
-1.499889
-1.496039
-1.478534
-1.496688
-1.497753
-1.488953
-1.498095
-1.481644
-1.499422
-1.482024
-1.057848
-1.492798
-1.495547
-1.500082
-1.499226
-1.488413
-1.492408
-0.174794
-1.498205
-1.48931
-0.035654
-1.38827
-1.479865
-1.496894
-1.501696
-1.495071
-1.312205
-1.44066
-1.493121
-1.403022
-1.487127
-1.331108
-1.502265
-1.453144
-1.496623
-1.491344
-1.437721
-1.456665
-1.491587
-1.493137
-1.49934
-1.498591
-1.356704
-1.502229
-1.498051
-1.497895
-1.498051
-1.495259
-1.495135
-1.485901
-1.489666
-1.51248
-1.493291
-1.480199
-1.497808
-1.496756
-1.492493
-1.497389
-1.380716
-1.493992
-1.493455
-1.498576
-1.497851
-1.494756
-1.498096
-1.409809
-1.496074
-1.493503
-1.497596
-1.500816
-1.476027
-1.484328
-1.490831
-1.495879
-1.489569
-1.499765
-1.491484
-1.413069
-1.455623
-1.453496
-1.494349
-1.47921
-1.445507
-1.484451
-1.493455
-1.498847
-1.49537
-1.477929
-1.501081
-1.475417
-1.488527
-1.491941
-1.490756
-1.497634
-1.310238
-1.491226
-1.492209
-1.496601
-1.498692
-1.49815
-1.47302
-1.494695
-1.498848
-1.491417
-1.495628
-1.491149
-1.497682
-1.496618
-1.490687
-1.486119
-1.501257
-1.470659
-1.499084
-1.498419
-1.496571
-1.489175
-1.491586
-1.45297
-1.498947
-1.414492
-1.369506
-1.470588
-1.493812
-1.505224
-1.500884
-1.496816
-1.483923
-1.50028
-1.499455
-1.501798
-1.497765
-1.523522
-1.49712
-1.493263
-1.482968
-1.493627
-1.481724
-1.491507
-1.498928
-1.489786
-1.496102
-1.4965
-1.497216
-1.495896
-1.498054
-1.488694
-1.496825
-1.497039
-1.492047
-1.49407
-1.451125
-1.409153
-1.498843
-1.469725
-1.459582
-1.491396
-1.49971
-1.471235
-1.475139
-1.501396
-1.487427
-1.490746
-1.478449
-1.497919
-1.499335
-1.481766
-1.497036
-1.499038
-1.500149
-1.484048
-1.498507
-1.500006
-1.497026
-1.481608
-1.499205
-1.484088
-1.491752
-1.496165
-1.46345
-1.494151
-1.496279
-1.497727
-1.497627
-1.501751
-1.497349
-1.446703
-1.499902
-1.481146
-1.493653
-1.498922
-1.488517
-1.385661
-1.499111
-1.492238
-1.493456
-1.499664
-1.497517
-1.499054
-1.497117
-1.489994
-1.498304
-1.46657
-1.418179
-1.499331
-1.491576
-1.471858
-1.502276
-1.49957
-1.442989
-1.503962
-1.48842
-1.487739
-1.408823
-1.498559
-1.495495
-1.496888
-1.49622
-1.496151
-1.498713
-1.495347
-1.497953
-1.497996
-1.497435
-1.498866
-1.480343
-1.496849
-1.473512
-1.499748
-1.49493
-1.491835
-1.499003
-1.497838
-1.495462
-1.397395
-1.497979
-1.482329
-1.445611
-1.513569
-1.467595
-1.496164
-1.498429
-1.504269
-1.485424
-1.472187
-1.501866
-1.441865
-1.498368
-1.495698
-1.501044
-1.491625
-1.499688
-1.445618
-1.490367
-1.494847
-1.498743
-1.499707
-1.498958
-1.49884
-1.498601
-1.493214
-1.497613
-1.499615
-1.496866
-1.497582
-1.498196
-1.443101
-1.501416
-1.467222
-1.485609
-1.472336
-1.095932
-1.478773
-1.493604
-1.486961
-1.427909
-1.502571
-1.462345
-1.490721
-1.490418
-1.458562
-1.494608
-1.500818
-1.464089
-1.495816
-1.497294
-1.497796
-1.493713
-1.494167
-1.475866
-1.497984
-1.436543
-1.498429
-1.485497
-1.480145
-1.49757
-1.499072
-1.49693
-1.499158
-1.494946
-1.500125
-1.343309
-1.482777
-1.461819
-1.498626
-1.497984
-1.536319
-1.496117
-1.488475
-1.495415
-1.496759
-1.478598
-1.496758
-1.50039
-1.394748
-1.501088
-1.495918
-1.495202
-1.496321
-1.487107
-1.498526
-1.498611
-1.495102
-1.421213
-1.494896
-1.493643
-1.498432
-1.500198
-1.496832
-1.467087
-1.500098
-1.501072
-1.454603
-1.496763
-1.431251
-1.500604
-1.499061
-1.49301
-1.489812
-1.458756
-1.499022
-1.501994
-1.402337
-1.459629
-1.49235
-1.393582
-1.410943
-1.492651
-1.495899
-1.472186
-1.496851
-1.457789
-1.500259
-1.493745
-1.471903
-1.499622
-1.496446
-1.503204
-1.496779
-1.497054
-1.499016
-1.494856
-1.476418
-1.497449
-1.484471
-1.49661
-1.500361
-1.486804
-1.49552
-1.495215
-1.490862
-1.488504
-1.496395
-1.495775
-1.48139
-1.501004
-1.497468
-1.510369
-1.497034
-1.500379
-1.500045
-1.491813
-1.49257
-1.483756
-1.499386
-1.497282
-1.493899
-1.488308
-1.476551
-1.391644
-1.498615
-1.449267
-1.494718
-1.494311
-1.500218
-1.493575
-1.492755
-1.501171
-1.486258
-1.499218
-1.488559
-1.482139
-1.499874
-1.491382
-1.495599
-1.4954
-1.483625
-1.48692
-1.401691
-1.495758
-1.499161
-1.484859
-1.49385
-1.469651
-1.490719
-1.490847
-1.497115
-1.499678
-1.419085
-1.487282
-1.498005
-1.492032
-1.485732
-1.411861
-1.505204
-1.498899
-1.511235
-1.465399
-1.385697
-1.498095
-1.4935
-1.495718
-1.42147
-1.480698
-1.498078
-1.499574
-1.473493
-1.498293
-1.498206
-1.439679
-1.500267
-1.491244
-1.49076
-1.480659
-0.495322
-1.500364
-1.496594
-1.283755
-1.489679
-1.397778
-1.495433
-1.493631
-1.461348
-1.497442
-1.497143
-1.473041
-1.493752
-1.496837
-1.467805
-1.501205
-1.498094
-1.493874
-1.480879
-1.495841
-1.496618
-1.493464
-1.501095
-1.499536
-1.434668
-1.498504
-1.496718
-1.498296
-1.497463
-1.485072
-1.386746
-1.497343
-1.498851
-1.410919
-1.494839
-1.493072
-1.484717
-1.389529
-1.485257
-1.496616
-1.502832
-1.495872
-1.496607
-1.49417
-1.498682
-1.498611
-1.481249
-1.48842
-1.468218
-1.359945
-1.502248
-1.494717
-1.495429
-1.491936
-1.473765
-1.501301
-1.48903
-1.485973
-1.499531
-1.497826
-1.488267
-1.493744
-1.499455
-1.497847
-1.494527
-1.473928
-1.462635
-1.492765
-1.499337
-1.501877
-1.48883
-1.498389
-1.499564
-1.493134
-1.495082
-1.500819
-1.499871
-1.502259
-1.49924
-1.495813
-1.500141
-1.496033
-1.453342
-1.494884
-1.496576
-1.499114
-1.495868
-1.485354
-1.493879
-1.495169
-1.496327
-1.496973
-1.469069
-1.493849
-1.495674
-1.466203
-1.470073
-1.49597
-1.495492
-1.488621
-1.493991
-1.496336
-1.494985
-1.442054
-1.494314
-1.496643
-1.449887
-1.497852
-1.483336
-1.494992
-1.494261
-1.501951
-1.500792
-1.445041
-1.519958
-1.501351
-1.497571
-1.497816
-1.498168
-1.485153
-1.498848
-1.483919
-1.493133
-1.491675
-1.494216
-1.49655
-1.485018
-1.49634
-1.484613
-1.485123
-1.466455
-1.463048
-1.500409
-1.493749
-1.47124
-1.474398
-1.481031
-1.482131
-1.48857
-1.485696
-1.482076
-1.507436
-1.395033
-1.498941
-1.499627
-1.501322
-1.497208
-1.49859
-1.495044
-1.460058
-1.498463
-1.501149
-0.306866
-1.477573
