1.4179929959469622
-0.40456466808205926
-1.3106618891205086
-0.12890903433621625
-0.5424442390734577
-0.537010319692202
0.2683109169268745
-0.5472133391851517
-1.2154293258977364
-0.6388006525332448
0.37575891488044955
-0.46978638800776973
-0.4238689509745951
0.30213644979726556
-0.6286574488560402
0.7804380269420982
0.9237611941418543
-0.2633569590679433
0.25044887881603695
-0.9264314317507927
-0.015152240497187053
-1.0579223698859808
0.7790738320052817
-0.28784528210799626
1.2970615217308392
0.21450394331434536
-1.1930122051636034
-0.26133725835966837
0.09923126276572433
0.958059346162626
-0.5668473705963303
0.18292440912951013
0.6057462448427198
-0.3107221872000172
0.16147905105280558
0.5364648125030507
0.7077165397723395
0.2014340583068846
-1.1221133605967366
-0.5158764751640426
0.20632510225331072
-0.4920169508436023
-1.3034197665965312
-1.3026478374642974
1.591533693965467
-0.3776146634759754
-1.1654897502305301
-0.8268922376686958
0.4949564279791484
0.3930618446552856
-0.7871029875651073
-0.38563612454950713
-1.2147335474045176
-0.4997073215333403
-0.05366256428037808
0.1096418177120218
-0.9476505336687824
-0.9386221041476238
-0.5521149572360895
-0.06673857256971721
-0.8481737725798069
-0.27199178205577823
0.16194833010274723
-0.4804385954336664
-0.946311754006409
0.2687911315359472
0.1158971777809591
-0.9499088812518626
0.6258634177607295
-0.26660727875523815
-0.557181189979712
-0.15064051335242362
-0.38495816102317904
-0.9632610709809213
0.15804885479624975
-0.5201999525197241
-0.6412359346501354
-1.1899226669631817
-0.2488947571812229
-1.1393086688827339
0.2442261743123011
1.4156093315925782
0.18107804967186028
0.4723663043703821
-0.9885881122473107
1.2264934959754954
0.09364992912846981
-0.7807858488086932
-0.5077878228398178
0.18912756237096445
-0.23608111651258773
-0.44140612092155523
0.9496323869773402
0.6851926378209977
-0.42378062788374415
-1.2335311718303676
0.06808531492711284
-0.5000111548578707
0.5160028466213045
0.6272049191465392
0.1831250952874549
-0.7702681313706697
-0.590250631003668
-0.6876886224568324
-0.5790847057026874
-0.049184590546676676
0.21139226172677028
-0.14097055033667638
-0.6602584643232867
0.20463394026451265
-0.27605736491957766
-0.7364643918145137
-0.3242324135424436
-0.6289309383977559
-0.5285762858546192
-0.033891076343095516
-1.1734433648648812
-0.5528982724210822
-0.05714265512055472
0.8520236380178375
-0.2328002575261004
-0.8623930657315918
0.6773716772435221
-0.524911022789756
0.539008509281806
1.878900759821198
-0.7015910740061891
1.9027729193078262
0.09441714575995652
0.2652934407415838
-0.886460960799667
0.20981576164022553
-0.865842488631694
-0.007280768055185016
0.323241236687665
-1.0078121999058507
-0.25790121852141246
-0.3526742251281665
0.5494924727523778
-0.6395224155140974
0.5297381190185498
0.18840974739580496
-0.8855655212015413
-1.0580952417780405
0.7171913163625351
-0.19074415097831032
0.4846114305108772
-0.5954280881900087
0.31953939508885326
-0.5253272434412943
-0.020655086501580766
0.08511386598905357
-0.7040447105008999
-0.7582929541387593
-0.275589997859319
-0.07401094110605966
-0.8502201165408597
-0.07523907862029428
-0.450212287858173
-0.19352653227547817
-0.4091597063090646
0.19851318213899338
0.09899767189398423
0.6675035927441649
-0.7068713468954649
-1.246193912616667
1.6162986033197158
0.6209660708768461
-0.3988061264602068
-0.23134272692728686
-0.021715522557807176
-0.9387162875953785
1.4645974328066034
0.4150305837114753
-0.17683271013458363
-1.2152415303846893
1.1664687539554932
0.5593809665419134
-0.6431563677963388
-0.12173557549039882
0.30197281569767764
-0.3611676684902165
0.2427701149600499
0.10546713974672231
-0.9662541852926421
-0.33734280651775816
-0.5913922392533999
-0.45724588677994876
-0.37588643907008
-0.6269574301810186
0.5884890756674767
-0.6933806217983749
-0.8763559296680974
-0.2901278547945436
0.1912898999553152
-0.5951316630132633
-0.1504202062443986
0.3889157846946233
-0.19792931706956463
-0.565949272267869
-0.12087890069483431
0.7037579959633257
0.19918317878656566
-0.4058615616011768
-0.9189792774378022
-0.004946895227645354
0.28412422165446993
-0.508497478642425
0.12182240378230834
-0.8539224848461179
-0.44528225204694416
-0.9447630492040188
-0.030467049333586377
-0.7294492061555696
-0.5866980691233666
0.9157947212235752
-0.6788782405818818
-1.099086976243795
-0.05396203853944204
-0.0089164700200655
-0.8491104424444692
-1.0218923516523741
-0.2620263461648573
-0.5892903277635588
-0.02462159694685101
-0.9544082310200229
0.753432576625207
-0.04884955384270101
-0.10328132259153278
0.4899370585269222
-0.45615512177053363
-0.38035089503919817
-1.1910268853039114
-0.7385822433549772
0.8140239350607278
-1.1590822599343333
1.032158225620272
-0.3398984492689999
-0.4540483471136003
-0.17604468051499578
-0.7456241343869989
-0.7046033205349791
-0.33617213374671867
-1.2318969574939813
-0.8269154282746823
0.6603483097895824
0.5071813676400019
-0.8349861421632596
-1.1881711137353403
-0.014415728627356683
0.11622917333962421
-1.121420791193585
0.034580737199364275
-0.42191291243966267
1.2033631675840653
-0.33992090546540993
-0.8661913560125892
-0.6184721739552483
0.5667979415206361
1.767761072335347
-1.3381624256062874
-0.1608696879762389
-0.4717414043605933
0.29150140147016435
-0.20699194803723708
-0.38158248955907037
-0.5561596345325399
-0.5980705879407031
1.551750711825282
-0.8916909871386738
-1.2909903831884204
0.2906129311141773
-0.32326114977864645
-0.6544454279789603
0.23302333195583308
-0.7515951290266335
0.3114776881286011
-1.2524125806838153
0.1664992298018024
-0.6116244715146797
-0.32467910255009397
-0.7597845823522209
0.36830820306867806
-0.8575162158466105
1.2276941567312536
-0.9201212652822273
-0.36470302365287455
0.8773871335915957
-1.2037895917028156
-0.1943156383409409
-1.0543073370839091
0.010777939391421187
-0.7072400061097347
0.41578415977790373
0.29431665013386554
0.9062012856879398
-0.0018849303315708055
0.6767118808016901
-1.3703386139718905
-0.17875738940307329
0.3225231020234308
0.9784294281589753
-0.9949316975977885
-0.666658297664646
-0.07911597423299344
-0.4774656841379612
-0.8029314109682154
-1.1235145948810406
0.894559783092743
-0.009013303203413647
-1.0332444113554646
-0.21567752945583107
0.3781164460514209
0.2912100691227476
0.344848527646312
0.519950419373689
-0.16580790899197234
-0.8756706256039376
0.8744369315456925
-0.8650439926675637
-0.4916138810299243
-1.1049321158931262
-0.2452142064312336
-0.4811439101757536
-0.41201431562517776
-0.9039449776401274
-0.878427957438951
-1.0297398376216462
-0.15515309856039972
-0.6928179606652599
-0.8091990932928603
-0.4615348011633498
-1.0244059609889047
0.2812725063400814
0.12336707458900908
0.839544794084322
0.2780363506380096
0.4538984437376625
-0.1505563119905869
-0.20569621533444427
1.0948415722314424
-0.6582341350846534
0.8554733887172876
0.8821180066137003
-1.3655168521763774
0.5300512196785507
-1.136433947661883
0.471038935815772
-0.8943238550250755
-0.7151780448670289
-0.5870536801535569
-1.1137995589565874
-0.4711272691807631
-0.4028670508504463
-0.2623676333599204
-0.011764764099977634
0.3732039349944351
-0.5135290702294458
-0.89509554262426
0.08390374651852406
0.24361842139695977
1.996139144992979
-0.07227999006469488
-0.26628660125820275
-0.15539193273222485
-0.11237619615327465
-1.0963437008523425
-0.9012096389999943
-0.9636950015298105
-0.15775763374183782
0.6411578919662376
-0.2821925865403361
1.0349416189611569
-0.12182453289920522
0.03345599851931291
-0.6906954286375927
-1.1061702098832016
-0.5047477284965978
-0.4167703398730869
-1.1177660318529794
0.06530770118880047
-0.49604066584593576
-0.14012455076935082
0.4587387135813398
0.9441646133662727
0.4201916582747809
-1.1153060463422362
0.1825697590645372
0.2040695788508532
-0.7039350862765664
-0.8014503903890924
-0.3864945851664312
-0.9238046223778698
-0.7429786061876569
-0.8370143109519839
-0.4607314959050113
-1.0995379971357209
0.6718185756420336
-0.8723707609109852
-0.31985286033753546
-0.4039192934040827
-0.44598336488514995
-0.8291807639903895
-0.6085872784897155
-0.9397495009045189
-0.9874071613493943
-0.5064371966751989
0.1686911170042661
-0.17421116380481916
-1.2442246724153767
-1.214643126006632
-0.7973490471767826
-0.5879192646707967
1.3972982884121028
1.1134906989135285
0.2680820224121774
-0.5548909569378989
0.9620126005864466
-0.032929389677864074
-0.9133417589190693
0.45852875947391547
-0.4675855385563459
-0.4200078729987159
0.8313859874054831
-0.6215674503803144
-0.3691240014766648
-1.2960163810301877
0.22236220873459578
-0.6037509031274133
-0.28814142490650574
-0.7472933082911096
1.179494129109171
-0.46431196926854656
-0.31101327290949377
-0.07453006195848977
-0.8060107658969428
0.19790185682147632
0.6315860444183001
-0.5721959604731762
-1.055976726608371
-0.8813891192082866
0.20918857183501408
-0.04963118290540569
-1.2044426035144358
0.027962126847403845
-0.4823925011930494
-0.30044983431889155
0.2077229143117758
1.6819798569420619
0.20721035817709638
-0.4320413152477063
0.6022237050191489
-0.07336975191940098
-0.6550420525116033
-0.7294973134530112
-0.7700265775275993
-0.599848765346725
-1.2649299517731127
-1.1458322620787165
-0.7044493776152367
0.19216917326231625
0.24507953967129203
-0.9571640062339535
-0.5470762808224312
0.7299660438814521
0.5624319606271563
-0.8913336815057648
-0.4316043812039878
0.4301025886643222
0.045947850938065804
1.2455605658635283
0.9452337476597333
-1.0698787070891305
-0.03566392201125668
-0.9253495270442532
-0.183044011549771
0.18400269926436824
-0.5063609320068074
0.40416381889922903
-0.2597836285525498
0.20887273855382438
-1.2307075306297302
-0.09814899549286621
-0.4281880540498479
-1.1344860890578397
-0.42063627006387194
-0.5125690318847301
-0.48302501747648363
-0.5812662386196054
0.5220789775718244
0.7385238638798786
-0.5381124353178242
-0.36115211236966405
0.44622587753749376
-0.10102838641561407
-0.18249941085675891
0.07197828386160933
-0.7924502600842532
0.4841793375510542
-0.04317938610082683
-0.3499182364790928
-1.2613521523282831
-0.7490824410764274
0.4606639256075007
-0.7990492719968677
-0.8969391572401217
0.04387661196799364
0.19566046591854241
-0.4600691238814718
-0.6029846339075864
-0.7525716035219411
0.16819899896794377
-0.7724448138429835
0.8657187514385495
-0.9615713789744338
0.3652925163821422
-1.064768478754638
-0.719481418310427
-0.7283226539921512
-0.9502252079250234
-0.16302598350357533
-0.9862898836523786
-0.32315710049754304
0.44220196931699207
-0.9253229854438753
0.25045234457923876
1.9984197231596366
-0.8498888469952854
-0.2628134166738581
-0.7098366662209473
-0.14491459147087737
-0.8542400509380503
-1.101043785002651
0.23048987072666885
-0.47086553506532275
0.08056839463776133
-0.5839502778689751
-0.3256089380814769
-0.264186292796175
0.2626839384585459
-0.7862380556605302
0.499875575419876
0.8868119579342949
1.1624468916821815
0.6932860164942432
0.6690267710288968
-0.6887508382850711
0.6321971203881352
-0.7607536434578472
-0.5360484425178721
0.5482358423565832
0.5198182627488713
-0.16633266259436363
-0.497535451049768
-0.2860289673594949
-0.7431275890612726
0.2511106592147576
-0.05396299709596841
0.1543491058286589
-0.1513302386487423
0.3243953755429002
0.2853382423847852
-1.0858512601799075
-0.13092742784604222
-0.6950767289289306
0.2796995430356779
1.195215195454313
0.11057736795817852
-0.4230392285937784
0.18858537526282515
0.5686273200091971
0.7549152977186386
-0.8915454103163237
1.344095266724227
-0.8570347984481168
-0.5540360876138248
0.02414053559624571
-0.4772476864164138
-0.12070248609722795
0.2661524966760488
-0.5151401284763368
-0.24398968711157365
1.0366397316289
0.12077686215898953
-1.1433014545015183
0.6646415830909035
-1.0870167932473824
-1.117559635469672
-0.4332540242171321
0.10289485140862975
-0.8693967114010135
0.12227873909627734
-0.02388854917951788
-0.5344131309931964
0.3892220150349854
-0.44152681171485153
-0.4255230694649229
-1.0940595329740406
-0.45770982961644585
-0.3326753978944089
-0.2685000966582667
0.8533404181777068
-0.642305103073841
1.2727348079877414
1.5103603065994458
-0.26264286115879226
-1.0208872072858335
0.14429757001871457
0.9434553747785223
-0.6186712951710176
-0.9212823389409676
-1.2297565269854798
-0.48631463586139334
-0.551795598071864
-0.7307445584379162
-1.0489990308342896
-0.32109173253818724
-0.20812951421578413
-0.0341665281612028
1.092441678923818
-0.5943967407037776
-1.1955913654309813
0.7776203765689421
-0.8606216493013342
1.2462446288630835
-0.5687428569554347
0.14040397083779388
1.2578002414510305
0.5236965393311611
1.421306206742196
0.08190735983304687
0.9936341933002484
-0.6767141929750159
1.2544965752249801
0.3210687187222065
-0.40414536768441167
-0.5922801361704991
-1.1146367530293937
-0.7054508581823622
-0.3771050717351636
-0.7871075655115781
0.6895773225743219
0.2840879781266023
-0.8355200261998302
-1.4465320755068811
-0.268342718662413
-1.423460833002107
-0.20968823916089774
0.8540909196439501
-0.44790915566813183
0.4587387414978228
-0.4370276934376476
0.4703503654983331
0.03380104777971861
-0.7993424503871097
1.0637002464177032
-0.41967520686976817
-0.5512008829619323
-0.3531716822318715
-0.5983310996590258
0.4519553199792352
-0.7687171847038345
0.40713889057832237
-0.558066119226758
0.4673655857506965
-0.5692064990957364
-0.06821106698669377
0.27557621814037847
0.2884067274099743
1.1412397964041414
-0.5782578613130558
-0.33360129562581203
-0.012747107628808041
-0.21635464670598648
0.43844561312095975
-0.3109829761773306
-0.12057484291701914
-0.7527480004543724
-0.7918656550134727
0.18015016336012435
-0.43997038960998647
-0.9261696456662493
-0.33113115661148274
0.0031432279749895597
0.03717246046840411
-0.4969738888104921
0.70134462918524
0.7459251100012113
-0.5842547041895266
-0.8411322845626055
1.3040424963099293
-0.5513606775552556
0.48795989569410725
-0.5157704810721118
0.5218668812492665
0.4330158968709441
0.15281710601752357
-0.368815814059192
-0.8086356495681385
-0.5525705472734761
0.1345584740016771
-0.43508560803683
-0.11685474968491688
-0.45921331571533375
-0.17313166068625097
0.11671512898943853
0.05821328277410198
0.20905037261601478
0.9072636834659813
0.11705244191037567
0.3627507418788456
0.16423131872600338
0.15867902257366412
-0.2381600205633596
-0.1078588073635971
-0.17468629911640954
-0.9032429259553324
-0.4024834465891603
-0.333101723614716
-0.8282567495248654
0.5495362543603028
-0.30368850423989247
-0.8234214279924067
-0.5657046374288648
-1.2480577332046843
0.12195484736288531
-1.2271716802519776
-0.6027522770850932
0.20137357982767368
-0.7644564498540645
-0.5217197326869212
0.3335864878211158
0.4724970273139314
1.3663086200865642
0.7294050510799961
-0.9232009649954273
-1.1742640286669843
0.7633892530952591
0.745206114789009
-0.2584210709603359
-1.0380577205983355
-0.07785706622773758
-0.5743972280748321
-0.7103879593567589
-0.11551568926283567
0.6344816446999727
-0.6277296065423841
1.3304704442558066
1.066844921724135
0.08300991956085868
-1.0907353996909328
0.6240515552458967
-0.8054577936444611
0.31240038450254265
0.853735058730866
0.48447471942775805
0.27125311149694015
0.5139039729164199
-0.698934296180419
0.18432644648472407
-0.5587412750814928
-0.7269783944710172
-0.14068192467155954
0.4535747965651803
1.5680038770814724
-0.9819721912884934
0.27831072912886545
0.5296679720063011
-0.30801400328009465
-0.48599747966363627
-0.6944741069232052
-0.5361673507705149
-0.7157732519650326
0.4468402097263217
0.06714313415799755
-0.9647451345273048
0.31927166396173257
0.11159798994821346
-1.015070867954864
-1.0289129799383172
-0.7163652986554118
0.5701234155234984
0.2694883098452393
-0.26812016184996657
0.2828702823788485
0.28150774347165936
-1.045476404824758
-0.2786665174070808
-0.08873313577711717
-1.1250158121578908
