-1.44458
-1.28882
-1.45472
-1.48506
-1.50754
-1.48274
-1.50238
-1.4864
-1.40334
-1.48038
-1.4862
-1.47434
-1.50332
-1.50202
-1.50548
-1.4753
-1.4875
-1.29754
-1.46368
-1.4726
-0.80482
-1.48444
-1.4998
-1.49762
-1.49346
-1.4894
-1.435
-1.50074
-1.50264
-1.49996
-1.46512
-1.49638
-1.49366
-1.4715
-1.41478
-1.4877
-1.49618
-1.47136
-1.47344
-1.49342
-1.41726
-1.38966
-1.50576
-1.4922
-1.49172
-1.49306
-1.48378
-1.47466
-1.43518
-1.49994
-1.45768
-1.49524
-1.45824
-1.35418
-1.4718
-1.43326
-1.48024
-1.45134
-1.50446
-1.48722
-1.47098
-1.491
-1.4396
-1.48218
-1.4972
-1.43532
-1.5036
-1.46966
-1.48286
-1.50572
-1.4877
-1.50132
-1.402
-1.4979
-1.4965
-1.47556
-1.48238
-1.49038
-1.41532
-1.49028
-1.46726
-1.49226
-1.4859
-1.28112
-1.49284
-1.4487
-1.47906
-0.67828
-1.26692
-1.48052
-1.36902
-1.501
-1.47532
-1.48272
-1.4779
-1.47596
-1.48674
-1.45284
-1.4858
-1.49096
-1.38972
-1.50816
-1.48518
-1.50072
-1.42104
-1.41422
-1.5004
-1.4604
-1.48802
-1.4395
-1.44096
-1.49348
-1.3482
-1.27794
-1.18344
-1.48234
-1.4932
-1.49184
-1.47166
-1.04754
-1.50138
-1.3328
-1.50504
-1.49372
-1.35822
-1.43438
-1.44108
-1.4529
-1.43668
-1.50316
-1.0944
-1.48774
-1.46082
-1.3988
-1.49198
-1.46928
-1.49004
-1.50098
-1.41568
-1.43444
-1.49362
-1.48394
-1.46728
-1.49386
-1.46708
-1.45254
-1.1183
-1.50664
-1.47784
-1.46986
-1.49642
-1.49086
-1.41438
-1.34666
-1.48
-1.5062
-1.48384
-1.43208
-1.45296
-1.498743
-1.494371
-1.496498
-1.442992
-1.496911
-1.367663
-1.497753
-1.46242
-1.499324
-1.497324
-1.500562
-1.4368
0.64164
-1.48902
-1.47066
-1.4654
-1.46706
-1.45686
-1.43184
-1.4957
-1.45646
-1.49954
-1.42548
-1.48092
-1.481
-1.37414
-1.48014
-1.47318
-1.48062
-1.47076
-1.4435
-1.42036
-1.47392
-1.46422
-1.49048
-1.48534
-1.47866
-1.43764
-1.49558
-1.49718
-1.36696
-1.50482
-1.33042
-1.3777
-1.48512
-1.47276
-1.4907
-1.47524
-1.39368
-1.47702
-1.40012
-1.38818
-1.47422
-1.4821
-1.49932
-1.25464
-1.42934
-1.43636
-1.47646
-1.49264
-1.49042
-1.47922
-1.32972
-1.31804
-1.50422
-1.4628
-1.46038
-1.46448
-1.39066
-1.5008
-1.4462
-1.49146
-1.4952
-1.48262
-1.32626
-1.44336
-1.47974
-1.49496
-1.48892
-1.36526
-1.48644
-1.45998
-1.4883
-1.45782
-1.48308
-1.45106
-1.47778
-1.489
-1.488
-1.50028
-1.3976
-1.42248
-1.47478
-1.37204
-1.4879
-1.48874
-1.4784
-1.42378
-1.428
-1.46678
-1.49658
-1.44072
-1.50276
-1.49282
-1.46754
-1.48634
-1.46258
-1.4649
-1.46052
-1.45166
-1.48526
-1.47298
-1.3466
-1.22722
-1.49014
-1.47914
-1.50208
-1.46938
-1.48584
-1.50076
-1.48908
-1.4688
-1.5061
-1.4819
-1.48872
-1.48654
-1.42664
-1.5041
-1.49238
-1.50882
-1.4866
-1.47476
-1.44122
-1.49122
-1.46226
-1.48562
-1.40544
-1.45638
-1.49608
-1.49548
-1.41178
-1.399
-1.47616
-1.49504
-1.47972
-1.25728
-1.48794
-1.32982
-1.00784
-1.45312
-1.4782
-1.48486
-1.4666
-1.49386
-1.49986
-1.45948
-1.49712
-1.46152
-1.44988
-1.4819
-1.47354
-1.49048
-1.2618
-1.48914
-1.4358
-1.42996
-1.48016
-1.39936
-1.4865
-1.48562
-1.47222
-1.50412
-1.39256
-1.45834
-1.46288
-1.45442
-1.472843
-1.493828
-1.446575
-1.473351
-1.498476
-1.493409
-1.388156
-1.485497
-1.498648
-1.4467
-1.44406
-1.35108
-1.5043
-1.41634
-1.49798
-1.49786
-1.4931
-1.37526
-1.496
-1.46748
-1.50394
-1.48826
-1.39392
-1.48468
-1.39108
-1.42422
-1.45918
-1.47804
-1.44002
-1.48356
-1.49302
-1.44626
-1.45046
-1.49608
-1.48642
-1.41044
-1.49154
-1.40842
-1.49702
-1.45448
-1.39402
-1.22558
-1.49336
-1.4628
-1.47584
-1.42056
-1.39546
-1.46732
-1.4519
-1.52292
-1.43248
-1.4883
-1.4115
-1.4737
-1.4873
-1.46408
-1.47296
-1.47122
-1.42694
-1.46604
-1.44878
-1.51698
-1.41444
-0.96292
-1.3087
-1.48352
-1.46222
-1.3461
-1.38834
-1.44508
-1.46554
-1.35362
-1.14642
-1.4765
-1.4911
-1.12742
-1.19768
-1.50842
-1.40496
-1.49598
-1.26994
-1.48018
-1.45784
-1.4732
-1.31292
-1.43626
-1.4465
-1.0523
-1.48484
-1.4955
-1.44516
-1.46678
-1.31014
-1.40418
-1.50788
-1.40424
-1.42992
-1.35832
-1.49046
-1.43682
-1.48116
-1.48868
-1.4583
-1.49646
-1.46962
-1.47886
-1.46588
-1.4847
-1.46358
-1.46802
-1.48032
-1.39046
-1.47598
-1.42656
-1.50036
-1.49468
-1.38024
-1.45318
-1.49508
-1.48992
-1.47988
-1.48764
-1.48538
-1.47252
-1.50052
-1.46056
-1.49132
-1.316
-1.45768
-1.50658
-1.47256
-1.51058
-1.44722
-1.48844
-1.51024
-1.49234
-1.49732
-1.4894
-1.47172
-1.48242
-1.4654
-1.42896
-1.47536
-1.46872
-1.48784
-1.50826
-1.50586
-1.50976
-1.45904
-1.45222
-1.49618
-1.4862
-1.43396
-1.30518
-1.47532
-1.49126
-1.39106
-1.42902
-1.48642
-1.46974
-1.47456
-1.50044
-1.40178
-1.4841
-1.47746
-1.49082
-1.43246
-1.49588
-1.4868
-1.35888
-1.47302
-1.39482
-1.4959
-1.50086
-1.51062
-1.50084
-1.4824
-1.48546
-1.49904
-1.43532
-1.48752
-1.49328
-1.48528
-1.50064
-1.4492
-1.50102
-1.50454
-1.47592
-1.4857
-1.49424
-1.45432
-1.48402
-1.48804
-1.43632
-1.41284
-1.47466
-1.48782
-1.50158
-1.47122
-1.49988
-1.49064
-1.4997
-1.46964
-1.41728
-1.49832
-1.49992
-1.4655
-1.48376
-1.50556
-1.33624
-1.48956
-1.35154
-1.47742
-1.48582
-1.494
-1.46462
-1.49594
-1.49168
-1.47426
-1.47246
-1.49116
-1.51434
-1.39032
-1.48826
-1.48102
-1.4824
-1.488
-1.47788
-1.49216
-1.50224
-1.48626
-1.47338
-1.47474
-1.49102
-1.47966
-1.49
-1.48028
-1.49294
-1.49944
-1.49064
-1.20284
-1.4804
-1.48534
-1.41544
-1.4809
-1.44296
-1.4797
-1.46892
-1.49662
-1.40272
-1.47856
-1.48356
-1.48548
-1.50174
-1.40378
-1.47382
-1.47444
-1.48632
-1.46414
-1.51256
-1.49478
-1.47446
-1.4854
-1.49868
-1.47262
-1.46506
-1.461
-1.45116
-1.46724
-1.47702
-1.46084
-1.48234
-1.48564
-1.20196
-1.44708
-1.48212
-1.40522
-1.46948
-1.49406
-1.45918
-1.4392
-1.48112
-1.4819
-1.48806
-1.4933
-1.49044
-1.48304
-1.3809
-1.4769
-1.4591
-1.47896
-1.48586
-1.4993
-1.44736
-1.49416
-1.43876
-1.46052
-1.43936
-1.31504
-1.48482
-1.48874
-1.47866
-1.50686
-1.48706
-1.4571
-1.41634
-1.4792
-1.4713
-1.47918
-1.46876
-1.36066
-1.48046
-1.49048
-1.47014
-1.48256
-1.4745
-1.4903
-1.44538
-1.4868
-1.48276
-1.46028
-1.47582
-1.47696
-1.48338
-1.45902
-1.48608
-1.45198
-1.45354
-1.48618
-1.48272
-1.49542
-1.46044
-1.49204
-1.47856
-1.47818
-1.45786
-1.44904
-1.47496
-1.4772
-1.26724
-1.49236
-1.51172
-1.47206
-1.48222
-1.48808
-1.4247
-1.47086
-1.47528
-1.49124
-1.40926
-1.44916
-1.48724
-1.50132
-1.48592
-1.51278
-1.3547
-1.49004
-1.39658
-1.48612
-1.4689
-1.42174
-1.4915
-1.46714
-1.48156
-1.4868
-1.48246
-1.49498
-1.4937
-1.49078
-1.49168
-1.33044
-1.4396
-1.44962
-1.49756
-1.50568
-1.48598
-1.4939
-1.4599
-1.47424
-1.51052
-1.49474
-1.48522
-1.47236
-1.48186
-1.41414
-1.4958
-1.4713
-1.49768
-1.49474
-1.4795
-1.48014
-0.94418
-1.492
-1.4958
-1.44984
-1.49374
-1.48926
-1.44978
-1.47134
-1.45116
-1.5011
-1.45444
-1.4835
-1.47074
-1.49074
-1.46358
-1.48848
-1.48598
-1.35734
-1.50558
-1.31934
-1.48004
-1.42892
-1.46808
-1.42832
-1.49456
-1.4891
-1.48456
-1.49372
-1.5101
-1.46592
-1.41792
-1.35286
-1.40382
-1.49184
-1.4612
-1.43598
-1.4783
-1.49378
-1.49194
-1.47034
-1.47926
-1.486
-1.4933
-1.41706
-1.34336
-1.50844
-1.46616
-1.48192
-1.50092
-1.48306
-1.47152
-1.48454
-1.49994
-1.38574
-1.46792
-1.48704
-1.50276
-1.28508
-1.4799
-1.2548
-1.37472
-1.47504
-1.50256
-1.4794
-1.41522
-1.29176
-1.41692
-1.49204
-1.49614
-1.50016
-1.50892
-1.44602
-1.49344
-1.48232
-1.47188
-1.38298
-1.46378
-1.48214
-1.48956
-1.42272
-1.44134
-1.46164
-1.37812
-1.4779
-1.48448
-1.48384
-1.4809
-1.4567
-1.49
-1.46748
-1.43454
-1.48398
-1.49352
-1.44656
-1.48232
-1.4893
-1.46314
-1.48356
-1.48712
-1.44098
-1.48878
-1.43928
-1.48596
-1.45862
-1.4876
-1.46356
-1.48488
-1.50094
-1.49198
-1.48594
-1.45702
-1.48572
-1.44684
-1.48082
-1.48624
-1.47464
-1.50976
-1.45364
-1.4762
-1.38458
-1.48056
-1.4844
-1.50346
-1.47716
-1.45512
-1.45514
-1.44362
-1.50138
-1.50416
-1.50454
-1.47568
-1.49116
-1.48198
-1.50224
-1.51042
-1.48872
-1.48688
-1.45914
-1.48392
-1.50726
-1.4869
-1.43728
-1.50478
-1.48286
-1.41326
-1.50206
-1.47606
-1.49148
-1.49864
-1.47628
-1.44604
-1.2792
-1.45736
-1.4888
-1.41284
-1.46392
-1.48016
-1.4299
-1.48618
-1.47152
-1.3456
-1.48132
-1.47542
-1.47548
-1.33746
-1.48624
-1.48924
-1.4877
-1.49636
-1.48742
-1.50176
-1.47014
-1.5008
-1.48516
-1.49784
-1.39368
-1.47526
-1.49352
-1.48764
-1.49242
-1.49136
-1.4192
-1.47388
-1.31892
-1.4322
-1.47138
-1.46972
-1.47552
-1.48746
-1.47276
-1.45092
-1.4989
-1.48878
-1.49852
-1.50192
-1.47338
-1.48922
-1.48302
-1.47674
-1.47712
-1.4926
-1.50342
-1.49624
-1.49424
-1.47066
-1.48522
-1.48812
-1.48656
-1.4227
-1.44694
-1.4734
-1.47332
-1.43838
-1.48524
-1.47834
-1.46608
-1.49296
-1.50664
-1.48134
-1.49426
-1.48078
-1.49534
-1.47844
-1.50878
-1.49208
-1.46294
-1.50252
-1.48508
-1.48958
-1.48502
-1.48816
-1.49218
-1.4561
-1.46608
-1.50068
-1.4711
-1.46032
-1.49748
-1.24748
-1.48696
-1.38408
-1.4325
-1.49192
-1.4915
-1.4856
-1.48242
-1.47154
-1.5017
-1.5033
-1.50308
-1.47734
-1.50106
-1.4984
-1.48994
-1.3814
-1.50146
-1.49142
-1.46574
-1.4974
-1.49372
-1.50064
-1.48492
-1.4973
-1.39006
-1.49326
-1.47286
-1.4805
-1.47012
-1.46974
-1.48506
-1.43852
-1.48578
-1.47042
-1.3675
-1.11672
-1.50278
-1.47942
-1.49268
-1.43374
-1.45318
-1.46952
-1.40684
-1.2706
-1.49328
-1.49364
-1.4657
-1.47184
-1.46614
-1.48922
-1.49684
-1.40736
-1.41606
-1.48416
-1.4768
-1.50042
-1.50194
-1.3305
-1.44816
-1.48756
-1.49432
-1.4783
-1.4864
-1.48902
-1.48004
-1.49158
-1.46984
-1.48214
-1.42042
-1.4655
-1.48012
-1.508
-1.44682
-1.46648
-1.49462
-1.36092
-1.4799
-1.49974
-1.48894
-1.351
-1.47674
-1.48296
-1.4942
-1.34302
-1.12982
-1.45604
-1.49072
-1.46168
-1.46726
-1.4808
-1.483
-1.4533
-1.50688
-1.34916
-1.49528
-1.45796
-1.36916
-1.48416
-1.48608
-0.38182
-1.47988
-1.48004
-1.46692
-1.44608
-1.46916
-1.50274
-1.2694
-1.49322
-1.30626
-1.42464
-1.48346
-1.44156
-1.49226
-1.3671
-1.41726
-1.36346
-1.30574
-1.49448
-1.47438
-1.41818
-1.45876
1.12112
-1.38496
-1.45948
-1.4748
-1.48832
-1.4667
-1.4928
-1.48726
-1.30214
-1.41842
-1.49248
-1.47614
-1.4547
-1.48556
-1.47364
-1.49062
-1.50806
-1.41686
-1.48238
-1.4537
-1.22704
-1.48568
-1.49568
-1.50614
-1.50176
-1.4823
-1.47196
-1.46986
-1.41856
-1.42326
-1.45738
-1.45096
-1.45484
-1.49814
-1.48346
-1.4854
-1.45638
-1.46734
-1.38318
-1.49218
-1.49662
-1.44376
-1.46528
-1.46308
-1.47848
-1.499598
-1.50014
-1.50618
-1.38018
-1.49074
-1.48236
-1.40474
-1.48956
-1.46452
-1.44756
-1.48028
-1.40766
-1.48748
-1.47002
-1.48252
-1.45528
-1.47904
-1.48136
-1.48398
-1.41206
-1.4766
-1.49644
-1.48288
-1.46602
-1.47362
-1.43782
-1.401
-1.48088
-1.09348
-1.48554
-1.47322
-1.4831
-1.3817
-1.48752
-1.49508
-1.48648
-1.497
-1.4884
-1.50732
-1.3952
-1.5012
-1.47578
-1.48366
-1.49008
-1.452
-1.4704
-1.49744
-1.46524
-1.47808
-1.46
-1.4315
-1.4716
-1.465
-1.47758
-1.45586
-1.49232
-1.44012
-1.47772
-1.50008
-1.45386
-1.48788
-1.4941
-1.49472
-1.48452
-1.47102
-1.3901
-1.48798
-1.4255
-1.48302
-1.48254
-1.48992
-1.49908
-1.48482
-1.494
-1.48044
-1.50134
-1.48276
-1.35662
-1.49674
-1.48894
-1.46736
-1.4779
-1.40916
-1.4973
-1.49834
-1.48464
-1.43338
-1.52446
-1.45868
-1.4881
-1.47164
-1.49072
-1.45836
-1.48816
-1.4894
-1.50886
-1.3958
-1.4973
-1.49052
-1.47484
-1.4656
-1.48904
-1.51546
-1.47084
-1.48474
-1.39708
-1.46102
-1.48414
-1.49766
-1.4853
-1.4862
-1.49576
-1.49354
-1.48366
-1.48286
-1.49872
-1.44836
-1.48834
-1.49986
-1.45026
-1.48076
-1.47484
-1.44584
-1.42592
-1.51202
-1.49208
-1.4119
-1.3913
-1.47202
-1.47616
-1.42138
-1.51452
-1.48578
-1.48466
-1.47562
-1.46912
-1.47502
-1.44182
-1.41602
-1.43924
-1.46762
-1.48992
-1.36742
-1.42502
-1.46928
-1.45936
-1.43116
-1.48652
-1.48086
-1.44874
-1.47672
-1.43008
-1.41504
-1.40272
-1.50692
-1.48462
-1.4642
-1.49308
-1.46024
-1.5007
-1.301
-1.48336
-1.4933
-1.4939
-1.50082
-1.44676
-1.49316
-1.43404
-1.47416
-1.48904
-1.50148
-1.40634
-1.49678
-1.48586
-1.49676
-1.48006
-1.35586
-1.47356
-1.4762
-1.48546
-1.49188
-1.47704
-1.43576
-1.48132
-1.4851
-1.4754
-1.49152
-1.49644
-1.44632
-1.4894
-1.427
-1.47392
-1.48904
-1.43616
-1.47668
-1.48662
-1.4944
-1.4746
-1.47586
-1.47352
-1.50446
-1.48904
-1.47812
-1.49182
-1.49898
-1.4873
-1.47982
-1.46852
-1.48
-1.48338
-1.46622
-1.48894
-1.4736
-1.49642
-1.00114
-1.48318
-1.48812
-1.48126
-1.49802
-1.45508
-1.4536
-1.48346
-1.4927
-1.4794
-1.50176
-1.48934
-1.4898
-1.47648
-1.48142
-1.44816
-1.48992
-1.49906
-1.49282
-1.5013
-1.49502
-1.46482
-1.48062
-1.44012
-1.487
-1.47248
-1.46622
-1.49106
-1.4361
-1.49194
-1.44336
-1.38798
-1.49408
-1.50242
-1.40564
-1.4392
-1.49584
-1.4538
-1.4961
-1.47822
-1.46962
-1.40802
-1.46482
-1.48526
-1.49658
-1.48538
-1.48346
-1.4602
-1.46684
-1.4754
-1.46784
-1.48484
-1.50502
-1.49154
-1.49104
-1.46798
-1.48144
-1.5067
-1.47148
-1.4797
-1.11754
-1.46626
-1.49468
-1.45812
-1.4862
-1.4799
-1.47644
-1.4843
-1.50102
-1.4579
-1.48164
-1.46606
-1.443
-1.43332
-1.48724
-1.5023
-0.9907
-1.47862
-1.46134
-1.46774
-1.50258
-1.50906
-1.48714
-1.48602
-1.48492
-1.49124
-1.49296
-1.50038
-1.48778
-1.50216
-1.44508
-1.47074
-1.46814
-1.4895
-1.4747
-1.48352
-1.49824
-1.46542
-1.46082
-1.50248
-1.51728
-1.41908
-1.48334
-1.50346
-1.4547
-1.49044
-1.50016
-1.48614
-1.44204
-1.48518
-1.44616
-1.49778
-1.50288
-1.44676
-1.47128
-1.49444
-1.44162
-1.49288
-1.47914
-1.4706
-1.43876
-1.44744
-1.45856
-1.49772
-1.47378
-1.22512
-1.48114
-1.48186
-1.44646
-1.424
-1.47154
-1.4355
-1.49454
-1.4997
-1.50658
-1.356
-1.50328
-1.48278
-1.48436
-1.36526
-1.47842
-1.31088
-1.48878
-1.4506
-1.49122
-1.48256
-1.48648
-1.48932
-1.46442
-1.44582
-1.4448
-1.47318
-1.48144
-1.48966
-1.47848
-1.4681
-1.44342
-1.50452
-1.46658
-1.4694
-1.48604
-1.49444
-1.466
-1.5079
-1.43418
-1.46964
-1.34658
-1.50784
-1.4864
-1.48082
-1.49268
-1.48968
-1.47842
-1.4786
-1.46258
-1.47852
-1.4835
-1.4169
-1.46034
-1.4832
-1.49774
-1.44418
-1.43668
-1.479
-1.32976
-1.47168
-1.48692
-1.4485
-1.51066
-1.48864
-1.48696
-1.48614
-1.5025
-1.47672
-1.42758
-1.48452
-1.47848
-1.50756
-1.4711
-1.4445
-1.476
-1.44088
-1.481
-1.462
-1.4851
-1.47912
-1.4232
-1.5019
-1.4659
-1.50164
-1.48104
-1.49102
-1.47534
-1.42636
-1.48464
-1.49258
-1.33452
-1.44928
-1.46846
-1.46896
-1.47784
-1.50362
-1.51042
-1.44952
-1.49356
-1.496
-1.47424
-1.43986
-1.38272
-1.49246
-1.48626
-1.48778
-1.4985
-1.4991
-1.47694
-1.49788
-1.4755
-1.5033
-1.4667
-1.46336
-1.39172
-1.5061
-1.502
-1.46654
-1.46586
-1.50612
-1.5021
-1.49724
-1.48238
-1.46438
-1.49304
-1.4988
-1.47742
-1.44978
-1.49412
-1.43568
-1.49282
-1.4897
-1.48744
-1.45122
-1.48588
-1.49658
-1.49744
-1.50116
-1.34506
-1.42106
-1.44656
-1.4037
-1.48394
-1.47852
-1.46788
-1.48894
-1.44642
-1.47808
-1.3808
-1.46494
-1.5026
-1.479
-1.49902
-1.49272
-1.41764
-1.48316
-1.5146
-1.44344
-1.49434
-1.43866
-1.47196
-1.45034
-1.46696
-1.48134
-1.44714
-1.49636
-1.49066
-1.4979
-1.44268
-1.46252
-1.47438
-1.46694
-1.33704
-1.48386
-1.50084
-1.47154
-0.4717
-1.4712
-1.49002
-1.47978
-1.4321
-1.476
-1.49956
-1.4526
-1.47556
-1.47758
-1.4996
-1.46436
-1.47556
-1.44982
-1.4922
-1.48726
-1.50912
-1.4894
-1.49768
-1.48426
-1.51154
-1.47972
-1.47152
-1.49026
-1.48632
-1.4617
-1.49516
-1.47768
-1.47296
-1.4554
-1.37938
-1.4688
-1.50054
-1.4775
-1.48788
-1.50254
-1.4739
-1.4191
-1.49146
-1.48628
-1.5142
-1.47742
-1.40172
-1.47794
-1.44754
-1.40208
-1.48758
-1.46156
-1.48608
-1.49332
-1.5113
-1.50708
-1.5005
-1.37816
-1.50232
-1.45384
-1.44674
-1.47046
-1.47648
-1.48614
-1.01656
-1.48322
-1.3152
-1.50792
-1.48962
-1.51314
-1.4756
-1.50166
-1.49124
-1.48076
-1.47688
-1.49356
-1.5041
-1.47416
-1.48374
-1.49534
-1.46764
-1.49698
-1.49706
-1.4753
-1.46242
-0.87054
-1.4891
-1.49674
-1.4675
-1.47544
-1.21732
-1.48072
-1.4869
-1.4901
-1.4761
-1.45646
-1.47998
-1.46142
-0.73196
-1.4843
-1.4507
-1.48444
-1.4797
-1.49054
-1.47014
-1.40194
-1.49702
-1.4617
-1.47936
-1.50276
-1.46514
-0.93788
-1.4927
-1.099
-1.4882
-1.49076
-0.94112
-1.4859
-1.50058
-1.49608
-1.4264
-1.35204
-1.49342
-1.49936
-1.46286
-1.38976
-1.47926
-1.40154
-1.46102
-1.50532
-1.46488
-1.48674
-1.46546
-1.48234
-1.50208
-1.46526
-1.46212
-1.48138
-1.5023
-1.48178
-1.45052
-1.49298
-1.48348
-1.47658
-1.48704
-1.48544
-1.47588
-1.45726
-1.4133
-1.50956
-1.48822
-1.11354
-1.48548
-1.47114
-1.4779
-1.46542
-1.4934
-1.49236
-1.44808
-1.48952
-1.47502
-1.45746
-1.4605
-1.50188
-1.50404
-1.48352
-1.46914
-1.44824
-1.46832
-1.19254
-1.49632
-1.32176
-1.48238
-0.9535
-1.45976
-1.48328
-1.3214
-1.4729
-1.46486
-1.48562
-1.4979
-1.49534
-1.4967
-1.50114
-1.50416
-1.4683
-1.50312
-1.4909
-1.42252
-1.493
-1.48504
-1.48538
-1.47014
-0.87172
-1.42868
-1.44894
-1.24384
-1.48302
-1.31764
-1.48044
-1.50544
-1.4859
-1.5084
-1.47434
-1.48638
-1.49886
-1.49076
-1.4546
-1.47854
-1.44866
-1.46658
-1.51456
-1.46528
-1.49702
-1.42542
-1.48566
-1.48936
-1.48132
-1.4931
-1.492
-1.4815
-1.48326
-1.50554
-1.47586
-1.47486
-1.45028
-1.47512
-1.43046
-1.44162
-1.49016
-1.3971
-1.50322
-1.49012
-1.49162
-1.4561
-1.415
-1.42914
-1.49016
-1.4864
-1.44818
-1.43892
-1.5035
-1.47714
-1.4945
-1.4794
-1.49136
-1.49016
-1.49578
-1.47852
-1.4888
-1.47034
-1.41784
-1.48532
-1.48472
-1.4968
-1.50528
-1.469
-1.48458
-1.50306
-1.5048
-1.49282
-1.50066
-1.44668
-1.46212
-1.48412
-1.47732
-1.4845
-1.40462
-1.49676
-1.4808
-1.42576
-1.37514
-1.48988
-1.4547
-1.48326
-1.13624
-1.48874
-1.47824
-1.40164
-1.47894
-1.50442
-1.43898
-1.48488
-1.46294
-1.49466
-1.51028
-1.46528
-1.44702
-1.46404
-1.49028
-1.49976
-1.4854
-1.46436
-1.49132
-1.4879
-1.46986
-1.47992
-1.46672
-1.47338
-1.50438
-1.48226
-1.49146
-1.51064
-1.47248
-1.38224
-1.46918
-1.47596
-1.4954
-1.487
-1.50058
-1.23294
-1.42834
-1.484
-1.42896
-1.47734
-1.4963
-1.44594
-1.48846
-1.47436
-1.4903
-1.4986
-1.46784
-1.49806
-1.427
-1.47398
-1.4802
-1.4586
-1.48632
-1.48464
-1.3701
-1.41188
-1.49974
-1.46764
-1.48304
-1.5131
-1.48904
-1.50202
-1.49318
-1.47976
-1.48332
-1.4465
-1.5017
-1.42792
-1.5091
-1.49178
-1.49532
-1.49804
-1.48086
-1.4571
-1.43958
-1.42086
-1.4899
-1.47686
-1.44328
-1.47502
-1.49668
-1.48774
-1.50254
-1.3674
-1.50198
-1.48074
-1.47364
-1.49968
-1.5021
-1.4873
-1.04546
-1.48868
-1.5115
-1.4914
-1.48052
-1.49672
-1.45646
-1.49604
-1.42886
-1.45816
-1.42928
-1.49788
-1.49908
-1.453
-1.49538
-1.50012
-1.49928
-1.4947
-1.44492
-1.30228
-1.49214
-1.48236
-1.41864
-1.50706
-1.46564
-1.47916
-1.37052
-1.4906
-1.46084
-1.48648
-1.3524
-1.44162
-1.41236
-1.46558
-1.45848
-1.46556
-1.35582
-1.48926
-1.50676
-1.4737
-1.49882
-1.4734
-1.48526
-1.4919
-1.42568
-1.49684
-1.50274
-1.45208
-1.417
-1.48928
-1.48158
-1.50062
-1.47118
-1.47112
-1.45946
-1.4785
-1.47234
-1.49976
-1.49374
-1.4458
-1.372715
-1.374774
-1.495763
-1.476421
-1.498405
-1.467988
-1.500635
-1.492533
-1.480284
-1.447558
-1.401066
-1.500102
-1.49714
-1.48022
-1.49608
-1.47476
-0.91048
-1.38752
-1.47434
-1.49258
-1.48606
-1.47846
-1.452
-1.45152
-1.33742
-1.49354
-1.4824
-1.31688
-1.4814
-1.47682
-1.48458
-1.48192
-1.5066
-1.4976
-1.49856
-1.44358
-1.45594
-1.48648
-1.48912
-1.47246
-1.4813
-1.4476
-1.45288
-1.50516
-1.50098
-1.47574
-1.48786
-1.5119
-1.48854
-1.35948
-1.48062
-1.49204
-1.4729
-1.4599
-1.47616
-1.46896
-1.48056
-1.47968
-1.49726
-1.49086
-1.4828
-1.44352
-1.4887
-1.48644
-1.39106
-1.49716
-1.51222
-1.5029
-1.47016
-1.4577
-1.45268
-1.48112
-1.50226
-1.48656
-1.47266
-1.50704
-1.49364
-1.49068
-1.30624
-1.50192
-1.4676
-0.94318
-1.4592
-1.45278
-1.48234
-1.49716
-1.49158
-1.5139
-1.48952
-1.33608
-1.47566
-1.50244
-1.46454
-1.47102
-1.46954
-1.48924
-1.45774
-1.22594
-1.47432
-1.46214
-1.5
-1.4189
-1.48408
-1.43892
-1.48648
-1.50356
-1.50358
-1.5012
-1.45294
-1.49638
-1.5013
-1.49222
-1.49498
-1.49074
-1.47456
-1.49636
-1.41394
-1.44472
-1.48116
-1.48702
-1.4972
-1.5067
-1.49438
-1.4784
-1.49688
-1.47328
-1.47856
-1.46172
-1.46794
-1.48122
-1.48272
-1.4634
-1.4695
-1.49056
-1.50142
-1.49572
-1.4468
-1.49828
-1.46416
-1.49134
-1.45842
-1.48428
-1.48834
-1.4366
-1.49478
-1.48076
-1.46186
-1.49432
-1.51184
-1.492
-1.48092
-1.4783
-1.51132
-1.47098
-1.49108
-1.49
-1.43128
-1.50888
-1.49198
-1.4783
-1.4868
-1.4916
-1.48376
-1.46426
-1.44842
-1.51126
-1.48788
-1.49606
-1.46014
-1.39278
-1.49104
-1.49876
-1.50738
-1.45492
-1.48428
-1.47858
-1.46156
-1.4776
-1.30824
-1.46654
-1.46804
-1.48436
-1.46584
-1.49494
-1.4633
-1.48938
-1.47908
-1.4557
-1.49504
-1.47818
-1.48434
-1.4926
-1.4936
-1.45064
-1.42714
-1.33002
-1.50432
-1.48324
-1.50068
-1.49788
-1.50694
-1.49958
-1.48476
-1.48482
-1.4602
-1.45214
-1.4598
-1.45444
-1.49224
-1.48676
-1.46824
-1.47272
-1.43068
-1.49156
-1.48504
-1.47506
-1.4804
-1.43094
-1.49042
-1.49312
-1.50568
-1.48092
-1.43372
-1.46816
-1.49688
-1.45826
-1.44196
-1.49002
-1.48506
-1.45674
-1.51686
-1.4542
-1.50308
-1.4805
-1.48932
-1.48012
-1.49514
-1.4938
-1.479
-1.48856
-1.46792
-1.30552
-1.38894
-1.46864
-1.447
-1.3217
-1.47078
-1.45212
-1.46102
-1.48944
-1.48514
-1.48932
-1.47824
-1.42646
-1.49296
-1.4774
-1.4857
-1.427
-1.48646
-1.48382
-1.48234
-1.4798
-1.48756
-1.4828
-1.45736
-1.4777
-1.49184
-1.49402
-1.51472
-1.47276
-1.47548
-1.49582
-1.4428
-1.4769
-1.4598
-1.48492
-1.48626
-1.47988
-1.39764
-1.2249
-1.4931
-1.4438
-1.4115
-1.49108
-1.47974
-1.4419
-1.48686
-1.48306
-1.32106
-1.34008
-1.49518
-1.47872
-1.48148
-1.43646
-1.48224
-1.45656
-1.49208
-1.48496
-1.45304
-1.49534
-1.48346
-1.47484
-1.49162
-1.47224
-1.49938
-1.41602
-1.49166
-1.48516
-1.45986
-1.436
-1.48378
-1.45058
-1.24738
-1.49656
-1.49132
-1.191
-1.44568
-1.48202
-1.4991
-1.40444
-1.47366
-1.449
-1.43638
-1.47654
-1.45708
-1.44278
-1.48056
-1.47446
-1.49072
-1.46636
-0.99298
-1.4709
-1.49498
-1.43682
-1.43004
-1.47702
-1.50598
-1.50076
-1.3966
-1.46564
-1.48482
-1.3813
-1.48358
-1.37692
-1.47432
-1.44896
-1.49022
-1.48514
-1.48746
-1.47796
-1.47156
-1.46958
-1.50394
-1.43706
-1.42394
-1.34394
-1.50118
-1.50266
-1.47982
-1.49728
-1.4677
-1.35108
-1.46776
-1.47004
-1.49354
-1.48294
-1.49904
-1.47078
-1.51078
-1.48528
-1.51526
-1.46086
-1.47898
-1.50462
-1.49866
-1.50522
-1.48334
-1.49022
-1.47036
-1.44978
-0.88498
-1.48874
-1.50086
-1.4965
-1.50226
-1.454
-1.47284
-1.49964
-1.42066
-1.4675
-1.49098
-1.39564
-1.50274
-1.49992
-1.46664
-1.46946
-1.46066
-1.50006
-1.47754
-1.47826
-1.48766
-1.46626
-1.4675
-1.4839
-1.40044
-1.48976
-1.45364
-1.50342
-1.47806
-1.49538
-1.48696
-1.48762
-1.45644
-1.48624
-1.49094
-1.45732
-1.49732
-1.48264
-1.49058
-1.4434
-1.5012
-1.49054
-1.4999
-1.39534
-1.47548
-1.50722
-1.4883
-1.41832
-1.48408
-1.48998
-1.4627
-1.48458
-1.42148
-1.4688
-1.4434
-1.49016
-1.35974
-1.4719
-1.51382
-1.4945
-1.48434
-1.50818
-1.41602
-1.4709
-1.50438
-1.49592
-1.5032
-1.4882
-1.48574
-1.42416
-1.50374
-1.4517
-1.485
-1.49354
-1.49066
-1.48994
-1.4824
-1.50934
-1.4821
-1.48778
-1.4954
-1.487
-1.50256
-1.39496
-1.1252
-1.48654
-1.32714
-1.47716
-1.4505
-1.42374
-1.4879
-1.42962
-1.47108
-1.4561
-1.48988
-1.48718
-1.33428
-1.48456
-1.49658
-1.48776
-1.49674
-1.46396
-1.47892
-1.43878
-1.4672
-1.47362
-1.50138
-1.40422
-1.49564
-1.48992
-1.49254
-1.39268
-1.48636
-1.43222
-1.4662
-1.4966
-1.48704
-1.48594
-1.44318
-1.47232
-1.40454
-1.48946
-1.4833
-1.49398
-1.51552
-1.48234
-1.47146
-1.48246
-1.463
-1.45482
-1.42444
-1.46402
-1.48858
-1.48502
-1.32302
-1.4941
-1.47876
-1.46974
-1.25422
-1.4661
-1.49414
-1.48278
-1.464
-1.4727
-1.49016
-1.41542
-1.44646
-1.16352
-1.44534
-1.4831
-1.4272
-1.47828
-1.46818
-1.4834
-1.4824
-1.45926
-1.30226
-1.48608
-1.41896
-1.50894
-1.4433
-1.48402
-1.38276
-1.48832
-1.4592
-1.33254
-1.50074
-1.05162
-1.48244
-1.50936
-1.4972
-1.41782
-1.50846
-1.47638
-1.4805
-1.4665
-1.49268
-1.19756
-1.47122
-1.49788
-1.48996
-1.5008
-1.5015
-1.34794
-1.48254
-1.48246
-1.47278
-1.4477
-1.4914
-1.49166
-1.4843
-1.49816
-1.49244
-1.49456
-1.48044
-1.49852
-1.44366
-1.47452
-1.51124
-1.47542
-1.50034
-1.49022
-1.47598
-1.49644
-1.48432
-1.49406
-1.48328
-1.30528
-1.4912
-1.4822
-1.44736
-1.40416
-1.49894
-1.4652
-1.4951
-1.48764
-1.48302
-1.50854
-1.4851
-1.49194
-1.4663
-1.44888
-1.45148
-1.47158
-1.47496
-1.50572
-1.47854
-1.48028
-1.46236
-1.48758
-1.49806
-1.4484
-1.49314
-1.48068
-1.4755
-1.4971
-1.4446
-1.48246
-1.38632
-1.48386
-1.47904
-1.4492
-1.49494
-1.49204
-1.4789
-1.48088
-1.45488
-1.45684
-1.49804
-1.47726
-1.50618
-1.48936
-1.49174
-1.48812
-1.49358
-1.47952
-1.47676
-1.46266
-1.49894
-1.2206
-1.4873
-1.51154
-1.24816
-1.49122
-1.50402
-1.41464
-1.50216
-1.46776
-1.47288
-1.34732
-1.43244
-1.52338
-1.4732
-1.4942
-1.46652
-1.4699
-1.46994
-1.4399
-1.36746
-1.47852
-1.49322
-1.3894
-1.48442
-1.49824
-1.46124
-1.4795
-1.49678
-1.49612
-1.47724
-1.4725
-1.4951
-1.47582
-1.47652
-1.50026
-1.46084
-1.48632
-1.49726
-1.47654
-1.48524
-1.43702
-1.33434
-1.47132
-1.50164
-1.42218
-1.50266
-1.47132
-1.42986
-1.5102
-1.49632
-1.50062
-1.40542
-1.51394
-1.34186
-1.50114
-1.46224
-1.50332
-1.471
-1.4793
-1.47578
-1.4626
1.62324
-1.37738
-1.4718
-1.4857
-1.4892
-1.42504
-1.48724
-1.52642
-1.49736
-1.37224
-1.48826
-1.49138
-1.48502
-1.36876
-1.47152
-1.48734
-1.46686
-1.44506
-1.5056
-1.47568
-1.46658
-1.46538
-1.4914
-1.50676
-1.49358
-1.44508
-1.4139
-1.46924
-1.49198
-1.42156
-1.45836
-1.41292
-1.51124
-1.301
-1.50204
-1.44428
-1.48932
-1.49464
-1.43986
-1.2709
-1.49988
-1.48334
-1.45366
-1.46862
-1.48274
-1.49998
-1.42596
-1.25136
-1.50416
-1.4948
-1.49772
-1.48608
-1.49192
-1.49162
-1.45338
-1.50604
-1.46656
-1.48216
-1.49078
-1.4937
-1.50212
-1.4771
-1.49714
-1.4581
-1.49452
-1.48776
-1.44782
-1.50206
-1.4839
-1.49382
-1.49576
-1.50078
-1.48104
-1.4252
-1.49202
-1.45742
-1.49222
-1.38868
-1.38882
-1.48982
-1.50612
-1.47492
-1.50286
-1.49334
-1.4766
-1.38882
-1.50316
-1.50764
-1.46974
-1.467
-1.4564
-1.44946
-1.08796
-1.48674
-1.49152
-1.4762
-1.36374
-1.47724
-1.50864
-1.46094
-1.48958
-1.4941
-1.45178
-1.4994
-1.48254
-1.50632
-1.48982
-1.50482
-1.43664
-1.48976
-1.44382
-1.45126
-1.47858
-1.42864
-1.49142
-1.47714
-1.4887
-1.4898
-1.4808
-1.51034
-1.4712
-0.2613
-1.4921
-1.48094
-1.48422
-1.51238
-1.479
-1.4919
-1.5098
-1.4999
-1.47922
-1.4894
-1.4489
-1.49366
-1.49236
-1.4737
-1.48852
-1.45336
-1.49648
-1.48886
-1.47962
-1.48388
-1.4962
-1.47684
-1.49624
-1.48808
-1.49812
-1.44666
-1.44744
-1.40484
-1.44256
-1.4809
-1.49712
-1.4885
-1.49274
-1.4882
-1.48302
-1.4772
-1.4648
-1.39074
-1.4796
-1.45518
-1.4926
-1.50088
-1.39658
-1.38568
-1.34504
-1.47296
-1.47442
-1.49016
-1.48886
-1.49918
-1.50306
-1.46322
-1.44986
-1.48606
-1.49242
-1.49416
-1.47946
-1.46544
-1.47488
-1.45904
-1.43542
-1.48792
-1.47236
-1.48726
-1.43096
-1.45838
-1.45046
-1.4351
-1.46454
-1.44272
-1.42698
-1.40964
-1.47208
-1.38316
-1.4366
-1.49194
-1.48418
-1.48436
-1.46946
-1.49458
-1.4905
-1.49198
-1.4863
-1.34334
-1.3593
-1.32396
-1.50208
-1.1723
-1.50508
-1.492
-1.48088
-1.467
-1.49264
-1.48772
-1.48044
-1.47324
-1.49172
-1.48426
-1.4929
-1.47768
-1.49452
-1.4995
-1.47564
-1.50098
-1.48536
-1.48244
-1.47558
-1.50202
-1.33148
-1.4722
-1.45348
-1.4193
-1.44448
-1.50174
-1.46872
-1.50274
-1.46988
-1.50904
-1.49004
-1.49266
-1.49782
-1.49178
-1.49532
-1.17322
-1.45768
-1.43744
-1.451
-1.43204
-1.48576
-1.48174
-1.08306
-1.4634
-1.45682
-1.49042
-1.45166
-1.43816
-1.48706
-1.40906
-1.4927
-1.50598
-1.42062
-1.45732
-1.48222
-0.90654
-1.47148
-1.49794
-1.46578
-1.45646
-1.48524
-1.279595
-1.478778
-1.467759
-1.476294
-1.496968
-1.500996
-1.493366
-1.465648
-1.479478
-1.479664
-1.471734
-1.43736
-1.33728
-1.48012
-1.45672
-1.45546
-1.4009
-1.42648
-1.2565
-1.49922
-1.44684
-1.49244
-1.49654
-1.4804
-1.39126
-1.46136
-1.47906
-1.49096
-1.48418
-1.47058
-1.47352
-1.49466
-1.46844
-1.47376
-1.4886
-1.49916
-1.4543
-1.4918
-1.4698
-1.50498
-1.4541
-1.33092
-1.47968
-1.44384
-1.45368
-1.49124
-1.3835
-1.47314
-1.4934
-1.4989
-1.48768
-1.49572
-1.48472
-1.48412
-1.5021
-1.46654
-1.36706
-1.4469
-1.43434
-1.50676
-1.49222
-1.49486
-1.46236
-1.1645
-1.4919
-1.4757
-1.48218
-1.50756
-1.4398
-1.486
-1.48876
-1.42238
-1.4737
-1.47472
-1.50818
-1.46372
-1.49628
-1.48898
-1.49398
-1.17646
-1.37564
-1.46398
-1.46614
-1.45826
-1.48272
-1.47084
-1.45004
-1.40424
-1.48302
-1.46546
-1.44112
-1.4901
-1.48458
-1.47054
-1.47124
-1.49476
-1.49332
-1.49976
-1.4994
-1.48812
-1.5127
-1.49178
-1.49178
-1.42182
-1.33232
-1.51532
-1.4782
-1.4491
-1.49634
-1.48194
-1.49298
-1.46404
-1.4316
-1.46518
-1.48102
-1.47288
-1.50294
-1.4818
-1.3702
-1.48598
-1.41866
-1.49532
-1.48358
-1.4818
-1.48204
-1.47944
-1.50646
-1.487
-1.49188
-1.50766
-1.48948
-1.49554
-1.4731
-1.47106
-1.14684
-1.49092
-1.48354
-1.39924
-1.4924
-1.46294
-1.48866
-0.84814
-1.4877
-1.3842
-1.41452
-1.46704
-1.49526
-1.25174
-1.47564
-1.50128
-1.48188
-1.45482
-1.51262
-1.48964
-1.48154
-1.49932
-1.4851
-1.4964
-1.42276
-1.4915
-1.49278
-1.49342
-1.50726
-1.5021
-1.48358
-1.4814
-1.47574
-1.48168
-1.49962
-1.42086
-1.45752
-1.49886
-1.4742
-1.45294
-1.51108
-1.47536
-1.47032
-1.48782
-1.43016
-1.50948
-1.50788
-1.46946
-1.47292
-1.46828
-1.50638
-1.48772
-1.43532
-1.49104
-1.41936
-1.50618
-1.49702
-1.46638
-1.48962
-1.51204
-1.46936
-1.08844
-1.3478
-1.4865
-1.47234
-1.49798
-1.50274
-1.47872
-1.46402
-1.5146
-1.49938
-1.49974
-1.49496
-1.395
-1.43994
-1.49266
-1.4628
-1.47834
-1.47966
-1.50238
-1.44012
-1.48174
-1.40834
-1.43274
-1.13546
-1.50068
-1.43938
-1.49056
-1.53506
-1.50868
-1.49182
-1.46596
-1.49708
-1.44804
-1.506
-1.42482
-1.48052
-1.49548
-1.45492
-1.39714
-1.45754
-1.47878
-1.47562
-1.46718
-1.43818
-1.40738
-1.50274
-1.49994
-1.45662
-1.4904
-1.49426
-1.47724
-1.4094
-1.48094
-1.49046
-1.45896
-1.48766
-1.49144
-1.48544
-1.42908
-1.4434
-1.51
-1.50574
-1.49622
-1.49082
-1.4905
-1.46152
-1.47632
-1.48502
-1.48134
-1.49134
-1.49588
-1.48118
-1.47566
-1.4752
-1.42722
-1.45526
-1.39126
-1.44842
-1.4686
-1.51488
-1.45552
-1.50244
-1.3439
-1.49662
-1.49694
-1.47638
-1.45878
-1.51676
-1.43342
-1.4356
-1.4707
-1.51024
-1.47138
-1.35042
-1.47488
-1.4841
-1.35298
-1.47894
-1.47644
-1.4646
-1.47582
-1.47794
-1.45718
-1.49374
-1.4519
-1.50788
-1.47518
-1.49682
-1.39306
-1.4776
-1.46522
-1.4468
-1.49118
-1.4945
-1.4435
-1.473
-1.46648
-1.48344
-1.48608
-1.47918
-1.49468
-1.5079
-1.46324
-1.47088
-1.49132
-1.49406
-1.4903
-1.477
-1.4939
-1.49016
-1.48894
-1.50142
-1.47374
-1.49196
-1.4809
-1.39078
-1.49256
-1.46472
-1.3557
-1.44816
-1.47806
-1.49026
-1.4936
-1.38676
-1.5062
-1.46506
-1.47442
-1.49752
-1.50516
-1.05284
-1.49838
-1.12024
-1.46536
-1.4709
-1.37686
-1.46564
-1.40262
-1.3018
-1.46864
-1.48898
-1.4926
-1.4878
-1.43084
-1.46386
-1.4781
-1.49072
-1.50182
-1.4846
-1.38552
-1.4394
-1.50814
-1.4733
-1.35074
-1.50074
-1.47334
-1.48092
-1.43906
-1.49052
-1.49108
-1.49318
-1.44668
-1.40444
-1.4963
-1.47914
-1.474
-1.39602
-1.46636
-1.45436
-1.46866
-1.45718
-1.47378
-1.4426
-1.47656
-1.42924
-1.44954
-1.44696
-1.44284
-1.48144
-1.48774
-1.38418
-1.4046
-1.48808
-1.5033
-1.47198
-1.38438
-1.46406
-1.41296
-1.46476
-1.48128
-1.32992
-1.4884
-1.37062
-1.50774
-1.48676
-1.4775
-1.49624
-1.49158
-1.46944
-1.4724
-1.44982
-1.45412
-1.48926
-1.4924
-1.49956
-1.43612
-1.48668
-1.5176
-1.4814
-1.47168
-1.49672
-1.36726
-1.48978
-1.44522
-1.46618
-1.3718
-1.49384
-1.49134
-1.5001
-1.49884
-1.49526
-1.29438
-1.4715
-1.47564
-1.4665
-1.45502
-1.3094
-1.47246
-1.49388
-1.47192
-1.47798
-1.47096
-1.45222
-1.49318
-1.49572
-1.43718
-1.4709
-1.49876
-1.4847
-1.48848
-1.43924
-1.47462
-1.45296
-1.4912
-1.49506
-1.50054
-1.49058
-1.47312
-1.4646
-1.46944
-1.48014
-1.47976
-1.47584
-1.48846
-1.49932
-1.4822
-1.50162
-1.44568
-1.46894
-1.4362
-1.4717
-1.4889
-1.42402
-1.48822
-1.42266
-1.46084
-1.49256
-1.49512
-1.48558
-1.28898
-1.45918
-1.44224
-1.3849
-1.47224
-1.49474
-1.4772
-1.4748
-1.48796
-1.48148
-1.49858
-1.43146
-1.5118
-1.46334
-1.47958
-1.46582
-1.48314
-1.485
-1.49594
-1.47098
-1.4945
-1.47806
-1.5014
-1.42084
-1.48972
-1.49556
-1.45798
-1.43982
-1.4783
-1.46038
-1.5061
-1.30626
-1.49058
-1.42106
-1.50838
-1.38746
-1.47888
-1.43662
-1.49882
-1.49694
-1.47256
-1.47906
-1.5026
-1.4161
-1.48196
-1.50362
-1.46026
-1.47774
-1.48564
-1.47294
-1.46766
-1.4867
-1.4854
-1.489
-1.4334
-1.43942
-1.4905
-1.39338
-1.4617
-1.46814
-1.46566
-1.47564
-1.46768
-1.49252
-1.4987
-1.50154
-1.48088
-1.49488
-1.4304
-1.47442
-1.45568
-1.4882
-1.43272
-1.4737
-1.49604
-1.48658
-1.47602
-1.49194
-1.5027
-1.48016
-1.49824
-1.4876
-1.24636
-1.46386
-1.48908
-1.48306
-1.48038
-1.49626
-1.51208
-1.48382
-1.50472
-1.47782
-1.48396
-1.41376
-1.4876
-1.4607
-1.48652
-1.46886
-1.49478
-1.50462
-1.49304
-1.45906
-1.50184
-1.48558
-1.41948
-1.4972
-1.43262
-1.48314
-1.49064
-1.45188
-1.48932
-1.5004
-1.44328
-1.45062
-1.47438
-1.49086
-1.46348
-1.4846
-1.49932
-1.3903
-1.49736
-1.5025
-1.47714
-1.4844
-1.45878
-1.5023
-1.37318
-1.4935
-1.34316
-1.31246
-1.4912
-1.4999
-1.45038
-1.47114
-1.25772
-1.34516
-1.4161
-1.4821
-1.50588
-1.45282
-1.491
-1.48134
-1.4818
-1.50714
-1.48568
-1.47806
-1.47438
-1.4813
-1.48968
-1.4794
-1.4728
-1.44504
-1.4794
-1.38988
-1.4748
-1.44738
-1.45056
-1.48124
-1.41674
-1.48426
-1.48662
-1.2615
-1.4779
-1.44822
-1.50616
-1.48152
-1.49708
-1.47692
-1.48752
-1.4868
-1.47932
-1.49134
-1.40904
-1.47592
-1.48974
-1.439
-1.46088
-1.4922
-1.42376
-1.42446
-1.46678
-1.4917
-1.50406
-1.48218
-1.50628
-1.46836
-1.39648
-1.44966
-1.45538
-1.35902
-1.4635
-1.48086
-1.46334
-1.49046
-1.50278
-1.38478
-1.4938
-1.45598
-1.4697
-1.44312
-1.4943
-1.47364
-1.35896
-1.48708
-1.45418
-1.08104
-1.2829
-1.48596
-1.48564
-1.50668
-1.52924
-1.4851
-1.48592
-1.48724
-1.3379
-1.471
-1.49966
-1.4841
-1.4743
-1.46122
-1.4812
-0.99546
-1.42182
-1.44926
-1.4856
-1.47404
-1.50592
-1.48766
-1.46086
-1.47124
-1.4512
-1.4302
-1.49046
-1.49128
-1.47946
-1.46442
-1.4219
-1.47062
-1.48004
-1.48742
-1.468
-1.41304
-1.47098
-1.48356
-1.49536
-1.50436
-1.46284
-1.49526
-1.49714
-1.4582
-1.49874
-1.47348
-1.5062
-1.46076
-1.49304
-1.48574
-1.48394
-1.4336
-1.4795
-1.42296
-1.4763
-1.47606
-1.42312
-1.4435
-1.47646
-1.48544
-1.50668
-1.51076
-1.4065
-1.47146
-1.28506
-1.4371
-1.49376
-1.51426
-1.50346
-1.24502
-1.45372
-1.4448
-1.48612
-1.46714
-1.50688
-1.4874
-1.39018
-1.4435
-1.49034
-1.49618
-1.47504
-1.4378
-1.48582
-1.45406
-1.49688
-1.4804
-1.4708
-1.46498
-1.41116
-1.49878
-1.48222
-1.4839
-1.45354
-1.47572
-1.46068
-1.49732
-1.49276
-1.4626
-1.38276
-1.48222
-1.48504
-1.4894
-1.49058
-1.44534
-1.50854
-1.50474
-1.48386
-1.46698
-1.46546
-1.47346
-1.47796
-1.49738
-1.50412
-1.47086
-1.48112
-1.48924
-1.49378
-1.48076
-1.49396
-1.4949
-1.47
-1.47402
-1.4606
-1.49224
-1.42712
-1.48878
-1.44288
-1.42334
-1.48936
-1.46974
-1.46346
-1.49996
-1.41606
-1.49084
-1.49108
-1.49744
-1.50014
-1.46994
-1.47746
-1.50106
-1.49016
-1.36506
-1.50488
-1.50068
-1.50216
-1.48682
-1.45596
-1.49096
-1.48902
-1.36116
-1.47274
-1.44834
-1.50908
-1.4602
-1.44576
-1.41976
-1.5038
-1.49536
-1.48758
-1.46984
-1.48964
-1.43998
-1.49072
-1.4639
-1.4868
-1.46792
-1.46476
-1.4951
-1.48998
-1.48104
-1.46424
-1.49418
-1.48182
-1.50298
-1.48338
-1.47902
-1.48578
-1.44896
-1.48576
-1.38152
-1.4962
-1.39894
-1.4944
-1.36976
-1.42848
-1.45822
-1.4062
-1.49762
-1.4345
-1.45146
-1.48496
-1.48192
-1.28322
-1.48442
-1.49248
-1.40034
-1.39186
-1.4396
-1.49626
-1.42164
-1.45512
-1.4714
-1.4408
-1.48038
-1.44238
-1.49564
-1.43224
-1.5127
-1.47174
-1.43546
-1.43484
-1.4476
-1.44696
-1.36392
-1.46066
-1.4499
-1.46388
-1.4815
-1.39118
-1.45478
-1.4716
-1.49012
-1.2309
-1.43076
-1.51062
-1.49858
-1.47666
-1.4658
-1.50348
-1.48434
-1.49798
-1.4842
-1.49724
-1.49878
-1.49336
-1.48562
-1.49018
-1.48446
-1.5145
-1.47512
-1.52084
-1.49364
-1.43536
-1.4885
-1.45706
-1.47622
-1.2974
-1.43098
-1.48316
-1.38354
-1.481
-1.45756
-1.47388
-1.48462
-1.425
-1.47288
-1.47738
-0.90054
-1.49452
-1.29578
-1.4713
-1.47162
-1.4806
-1.39032
-1.4713
-1.3047
-1.43918
-1.5085
-1.48142
-1.46146
-1.31492
-1.3647
-1.48894
-1.49466
-1.4668
-1.4959
-1.43782
-1.44742
-1.4384
-1.48036
-1.5116
-1.47236
-1.41568
-1.44844
-1.2762
-1.5163
-1.47902
-1.42996
-1.47584
-1.50972
-1.46428
-1.05422
-1.48648
-1.49324
-1.48706
-1.5007
-1.464
-1.47368
-1.4921
-1.38776
-1.49774
-1.48608
-1.48544
-1.47178
-1.49262
-1.46478
-1.4793
-1.32606
-1.4663
-1.48796
-1.476
-1.49222
-1.15588
-1.49778
-1.49442
-1.48852
-1.49726
-1.51216
-1.47806
-1.5014
-1.47272
-1.48832
-1.38248
-1.4582
-1.50152
-1.47198
-1.48854
-1.48994
-1.48868
-1.43514
-1.4745
-1.47814
-1.44386
-1.46652
-1.2963
-1.4844
-1.49034
-1.4979
-1.48906
-1.49718
-1.50622
-1.44432
-1.48678
-1.49314
-1.46668
-1.45902
-1.48856
-1.47204
-1.47176
-1.4634
-1.48398
-1.44996
-1.5051
-1.492
-1.49624
-1.41578
-1.48226
-1.49246
-1.45674
-1.46752
-1.4424
-1.48216
-1.46052
-1.4924
-1.483
-1.4682
-1.48732
-1.48802
-1.35694
-1.4919
-1.11828
-1.47244
-1.49226
-1.49368
1.05116
-1.4156
-1.47104
-1.42486
-1.47826
-1.4787
-1.49264
-1.41276
-1.51374
-1.48924
-1.47734
-1.49002
-1.49308
-1.48714
-1.45706
-1.49676
-1.48744
-1.4802
-1.46706
-1.47794
-1.49342
-1.43222
-1.47946
-1.49036
-1.46212
-1.48732
-1.46538
-1.46724
-1.46106
-1.51382
-1.48798
-1.48772
-1.50504
-1.44798
-1.45764
-1.47246
-1.39936
-1.16122
-1.49892
-1.4751
-1.45398
-1.2421
-1.50674
-1.48574
-1.49024
-1.41682
-1.49428
-1.48856
-1.49354
-1.318
-1.42298
-1.45944
-1.4741
-1.48766
-1.51522
-1.49744
-1.44856
-1.46272
-1.42064
-1.51056
-1.4674
-1.42704
-1.45098
-1.30482
-1.49492
-1.50158
-1.4926
-1.47592
-1.48248
-1.48384
-1.48054
-1.41828
-1.38052
-1.4808
-1.51806
-1.49404
-1.42274
-1.48154
-1.47856
-1.49212
-1.47194
-1.47094
-1.45954
-1.4863
-1.42794
-1.48774
-1.5078
-1.48052
-1.4919
-1.49264
-1.4918
-1.477
-1.48512
-1.33718
-1.47558
-1.4973
-1.40056
-1.50572
-1.43932
-1.51076
-1.48118
-1.47204
-1.48446
-1.47514
-1.432
-1.47024
-1.46442
-1.50254
-1.506
-1.49684
-1.47818
-1.35794
-1.47926
-1.48946
-1.46162
-1.49938
-1.48356
-1.4979
-1.5025
-1.4743
-1.47654
-1.48386
-1.50508
-1.46652
-1.4864
-1.47412
-1.4878
-1.4184
-1.51258
-1.48266
-1.41632
-1.42642
-1.49626
-1.50036
-1.48714
-1.46576
-1.50676
-1.48928
-1.49354
-1.47684
-1.46486
-1.46448
-1.48364
-1.49654
-1.4761
-1.50258
-1.43574
-1.46814
-1.36238
-1.46982
-1.42116
-1.48786
-1.44058
-1.49872
-1.49326
-1.47278
-1.46638
-1.47052
-1.44716
-1.48646
-1.4185
-1.48948
-1.4818
-1.47594
-1.49312
-1.46048
-1.47504
-1.49302
-1.48894
-1.35484
-1.4368
-1.45772
-1.49684
-1.49034
-1.4733
-1.44994
-1.36634
-1.489
-1.478
-1.47054
-1.48048
-1.47606
-1.48228
-1.47048
-1.48956
-1.4236
-1.4255
-1.48104
-1.49276
-1.48064
-1.47928
-1.43934
-1.49242
-1.44382
-1.48416
-1.49138
-1.48454
-1.4737
-1.47894
-1.49876
-0.98666
-1.46212
-1.46696
-1.4827
-1.465
-1.43104
-1.45968
-1.50882
-1.48422
-1.46282
-1.36206
-1.48632
-1.5025
-1.4305
-1.45392
-1.48592
-1.48678
-1.48578
-1.4824
-1.47128
-1.48652
-1.49022
-1.4909
-1.49122
-1.49246
-1.46754
-1.48348
-1.49678
-1.51808
-1.51036
-1.50936
-1.47386
-1.42298
-1.47226
-1.48358
-1.44564
-1.4872
-1.44868
-1.4864
-1.42326
-1.50498
-1.48506
-1.50104
-1.49664
-1.44376
-1.41878
-1.49294
-1.49866
-1.44468
-1.47006
-1.49836
-0.09236
-1.4421
-1.48132
-1.3077
-1.44176
-1.3873
-1.47858
-1.49364
-1.4578
-1.4741
-1.48276
-1.50154
-1.44594
-1.47502
-1.45176
-1.48724
-1.3894
-1.48458
-1.47134
-1.47418
-1.49478
-1.50164
-1.4562
-1.48366
-1.49436
-1.48708
-1.49782
-1.4803
-1.47072
-1.4281
-1.48582
-1.49618
-1.47576
-1.49196
-1.46296
-1.48652
-1.46748
-1.4831
-1.38128
-1.48698
-1.50068
-1.49696
-1.40946
-1.48632
-1.49844
-1.50556
-1.40462
-1.49344
-1.49804
-1.4917
-1.33398
-1.48964
-1.46846
-1.49052
-1.19756
-1.45356
-1.4682
-1.48174
-1.46354
-1.4058
-1.48518
-1.50388
-1.50804
-1.49058
-1.49874
-1.40274
-1.46328
-1.49256
-1.49702
-1.47964
-1.47672
-1.45062
-1.46026
-1.49908
-1.50642
-1.486
-1.482
-1.4738
-1.4725
-1.48282
-1.48044
-1.43614
-1.49088
-1.48204
-1.48638
-1.49178
-1.42328
-1.49342
-1.31526
-1.48892
-1.45456
-1.46214
-1.4813
-1.46048
-1.4815
-1.46528
-1.4744
-1.44172
-1.4648
-1.47444
-1.48158
-1.5076
-1.4597
-1.5015
-1.41764
-1.43192
-1.49836
-1.44816
-1.46166
-1.49144
-1.4303
-1.50178
-1.50042
-1.4566
-1.337
-1.48334
-1.4658
-1.50704
-1.47756
-1.47392
-1.4553
-1.49746
-1.47542
-1.49646
-1.49306
-1.50156
-1.48988
-0.40838
-1.49776
-1.41616
-1.49104
-1.49644
-1.45018
-1.49736
-1.49896
-1.37354
-1.49436
-1.46396
-1.34658
-1.47756
-1.49116
-1.47706
-1.39812
-1.51702
-1.49284
-1.39964
-1.47652
-1.47078
-1.49192
-1.47796
-1.45626
-1.50424
-1.46402
-1.50134
-1.47682
-1.48448
-1.44224
-1.49496
-1.4523
-1.49974
-1.48432
-1.20348
-1.49204
-1.47268
-1.50804
-1.49732
-1.45812
-1.47564
-1.50616
-1.4797
-1.46318
-1.49428
-1.46132
-1.47794
-1.48342
-1.49458
-1.27428
-1.41672
-1.48732
-1.50816
-1.41644
-1.48912
-1.504
-1.46578
-1.48284
-1.45362
-1.49644
-1.45308
-1.43972
-1.4882
-0.74518
-1.48504
-1.48848
-1.5075
-1.47918
-1.49158
-1.45134
-1.49172
-1.51408
-1.498
-1.4713
-1.48542
-1.46484
-1.45188
-1.4851
-1.46834
-1.4988
-1.51062
-1.49106
-1.436
-1.44738
-1.45398
-1.4684
-1.48666
-1.49748
-1.47552
-1.48636
-1.49518
-1.48682
-1.50176
-1.48384
-1.48026
-1.49244
-1.50318
-1.4708
-1.43938
-1.46414
-1.47234
-1.37848
-1.12638
-1.49258
-1.48668
-1.39516
-1.47942
-1.45172
-1.49722
-1.47412
-1.43524
-1.43376
-1.48816
-1.31128
-1.45024
-1.4287
-1.46958
-1.48462
-1.4707
-1.40786
-1.44682
-1.4987
-1.49278
-1.48912
-1.49492
-1.44876
-1.46438
-1.50288
-1.3595
-1.49588
-1.4756
-1.4864
-1.46848
-1.48384
-1.50698
-1.45002
-1.48052
-1.36968
-1.43074
-1.47978
-1.4972
-1.47598
-1.48786
-1.5076
-1.47916
-1.43654
-1.45884
-1.46212
-1.49562
-1.47132
-1.49232
-1.42796
-1.50794
-1.37838
-1.468
-1.45708
-1.44184
-1.48004
-1.40792
-1.49984
-1.4786
-1.5062
-1.36592
-1.50014
-1.49716
-1.49302
-1.47202
-1.47664
-1.4762
-1.473
-1.44698
-1.47634
-1.45868
-1.48202
-1.43416
-1.46844
-1.31762
-1.47688
-1.4965
-1.46832
-1.45896
-1.4838
-1.38506
-1.4905
-1.50364
-1.4317
-1.49818
-1.47678
-1.48888
-1.42318
-1.48784
-1.49282
-1.50076
-1.43242
-1.46676
-1.50204
-1.38028
-1.47336
-1.46006
-1.4541
-1.47174
-1.49348
-1.46508
-1.20392
-1.49316
-1.33958
-1.3428
-1.4928
-1.49878
-1.43076
-1.50302
-1.48012
-1.46044
-1.45152
-1.49078
-1.5054
-1.49536
-1.44938
-1.48652
-1.43268
-1.4371
-1.49346
-1.48678
-1.47928
-1.49548
-1.49968
-1.50054
-1.4566
-1.479
-1.48536
-1.47356
-1.4934
-1.49872
-1.4882
-1.31426
-1.44324
-1.45816
-1.40558
-1.50492
-1.47112
-1.47592
-1.48778
-1.46222
-1.45796
-1.49848
-1.49604
-1.5083
-1.43454
-1.47626
-1.48894
-1.50104
-1.36668
-1.44048
-1.50206
-1.45122
-1.48432
-1.50248
-1.44974
-1.45374
-1.4728
-1.47892
-1.48044
-1.45692
-1.49628
-1.4253
-1.49726
-1.39496
-1.33078
-1.49776
-1.4642
-1.48626
-1.4954
-1.48146
-1.4834
-1.49808
-1.48922
-1.47606
-1.47912
-1.46614
-1.46812
-1.48062
-1.4533
-1.36102
-1.5013
-1.49854
-1.4552
-1.49622
-1.39068
-1.49732
-1.47304
-1.49896
-1.49166
-1.48848
-1.49176
-1.50726
-1.4956
-1.47594
-1.48246
-1.42354
-1.49252
-1.3965
-1.46162
-1.47514
-1.49376
-1.49228
-1.35408
-1.4904
-1.49124
-1.49654
-1.48942
-1.48276
-1.44182
-1.46928
-1.5018
-1.44444
-1.48584
-1.48056
-1.42712
-1.22264
-1.4888
-1.49312
-1.49464
-1.43324
-1.4916
-1.42234
-1.48476
-1.46794
-1.48472
-1.48078
-1.48292
-1.49286
-1.4832
-0.5764
-1.45074
-1.4684
-1.50912
-1.4769
-1.46128
-1.51144
-1.47282
-1.44152
-1.5011
-1.49256
-1.49586
-1.47846
-1.47966
-1.48024
-1.49468
-1.22216
-1.4913
-1.4567
-1.48964
-1.49408
-1.47218
-1.5005
-1.4853
-1.44478
-1.49076
-1.48294
-1.4553
-1.47666
-1.47422
-1.49928
-1.487
-1.47732
-1.48776
-1.48198
-1.49716
-1.50854
-1.49338
-1.4914
-1.5022
-1.41342
-1.49184
-1.46498
-1.48788
-1.44846
-1.49314
-1.4173
-1.46492
-1.50432
-1.46824
-1.46524
-1.51164
-1.4807
-1.49812
-1.47136
-1.50286
-1.4961
-1.48556
-1.47024
-1.44188
-1.16414
-1.49488
-1.49204
-1.48338
-1.46338
-1.4608
-1.39884
-1.45822
-1.48338
-1.51586
-1.48474
-1.41218
-1.42072
-1.48728
-1.44098
-1.43968
-1.47776
-1.48582
-1.36432
-1.39356
-1.43576
-1.47476
-1.45146
-1.4397
-1.49064
-1.42656
-1.46302
-1.50312
-1.4979
-1.46432
-1.45786
-1.47748
-1.44632
-1.27508
-1.45588
-1.47276
-1.35788
-1.26854
-1.50008
-1.41306
-1.46608
-1.47242
-1.42756
-1.45866
-1.40696
-1.50744
-1.49976
-1.50128
-1.48008
-1.36218
-1.48926
-1.47858
-1.48966
-1.5007
-1.49334
-1.46334
-1.44842
-1.48822
-1.48698
-1.49634
-1.51122
-1.49004
-1.4325
-1.32206
-1.50136
-1.51028
-1.49752
-1.48854
-1.4865
-1.5098
-0.79806
-1.47816
-1.47032
-1.4361
-1.50446
-1.46568
-1.44202
-1.49324
-1.48752
-1.43726
-1.4916
-1.52226
-1.4828
-1.45472
-1.50784
-1.40232
-1.4843
-1.37038
-1.48354
-1.49542
-1.4713
-1.44208
-1.5036
-1.49186
-1.47374
-1.49106
-1.48838
-1.52338
-1.48404
-1.49586
-1.47852
-1.50422
-1.4774
-1.50762
-1.48812
-1.43006
-1.45954
-1.50508
-1.3519
-1.49124
-1.43892
-1.48216
-1.44094
-1.39306
-1.49212
-1.4885
-1.4853
-1.44316
-1.44264
-1.49418
-1.48526
-1.4835
-1.49756
-1.47548
-1.49946
-1.47388
-1.47322
-1.4791
-1.46082
-1.45732
-1.50554
-1.49256
-1.44192
-1.4501
-1.3554
-1.48712
-1.48946
-1.49012
-1.48428
-1.46704
-1.45534
-1.47172
-1.4735
-1.44166
-1.48624
-1.46856
-1.4307
-1.49152
-1.48236
-1.40932
-1.41744
-1.47276
-1.48878
-1.49498
-1.46206
-1.3717
-1.4923
-1.45974
-1.50702
-1.47092
-1.48066
-1.44646
-1.48946
-1.48644
-1.50868
-1.46808
-1.45886
-1.37198
-1.49098
-1.46942
-1.45318
-1.41464
-1.4614
-1.42086
-1.35768
-1.4709
-1.4782
-1.47452
-1.4958
-1.48038
-1.49568
-1.49548
-1.48734
-1.49
-1.46902
-1.4825
-1.49742
-1.4789
-1.4803
-1.47532
-1.50046
-1.4672
-1.49786
-1.46444
-1.49418
-1.485
-1.49132
-1.48978
-1.49704
-1.50164
-1.50112
-1.49042
-1.49632
-1.49566
-1.48646
-1.41842
-1.43776
-1.43232
-1.428
-1.45252
-1.33714
-1.45436
-1.49324
-1.3385
-1.49576
-1.482
-1.3086
-1.02036
-1.49412
-1.36434
-1.50202
-1.4828
-1.49324
-1.4977
-1.44632
-1.4837
-1.45708
-1.48694
-1.5002
-1.4896
-1.46682
-1.48588
-1.48206
-1.49324
-1.4497
-1.49842
-1.46758
-1.4965
-1.48282
-1.35686
-1.47272
-1.4575
-1.40624
-1.44606
-1.48684
-1.42946
-1.49832
-1.49958
-1.4879
-1.42948
-1.49832
-1.39562
-1.48718
-1.47886
-1.49092
-1.46888
-1.24984
-1.49484
-1.4118
-1.50178
-1.49786
-1.49636
-1.36696
-1.4813
-1.50644
-1.48388
-1.4776
-1.46924
-1.48992
-1.51904
-1.48442
-1.5072
-1.4929
-1.49144
-1.50394
-1.50396
-1.46872
-1.50112
-1.48832
-1.48042
-1.4989
-1.48504
-1.288
-1.47998
-1.47548
-1.48698
-1.48334
-1.4788
-1.49696
-1.49766
-1.48974
-1.19802
-1.45894
-1.4896
-1.50298
-1.47244
-1.48536
-1.4885
-1.4963
-1.4682
-1.47274
-1.47264
-1.45458
-1.4685
-1.47154
-1.47468
-1.48468
-1.47694
-1.4727
-1.4815
-1.49162
-1.50608
-1.43944
-1.30442
-1.48126
-1.49982
-1.45998
-1.51592
-1.50148
-1.48132
-1.46612
-1.44156
-1.46668
-1.50456
-1.47704
-1.492
-1.34114
-1.4912
-1.49892
-1.49304
-1.4732
-1.37874
-1.48132
-1.47472
-1.49538
-1.42912
-1.51694
-1.35036
-1.49512
-1.46986
-1.27928
-1.5009
-1.48564
-1.50214
-1.4838
-1.32698
-1.41824
-1.489
-1.45992
-0.60512
-1.4656
-1.49974
-1.4985
-1.50228
-1.48688
-1.44238
-1.47874
-1.5012
-1.48168
-1.46928
-1.48618
-1.38798
-1.49922
-1.48784
-1.35814
-1.46786
-1.4583
-1.49124
-1.48488
-1.37574
-0.48232
-1.43048
-1.31144
-1.36392
-1.45576
-1.48704
-1.49642
-1.47666
-0.46926
-1.45748
-1.46512
-1.4639
-1.45696
-1.48504
-1.48618
-1.46228
-1.48684
-1.50384
-1.4673
-1.49444
-1.47072
-1.49512
-1.48426
-1.51018
-1.4912
-1.4472
-1.4697
-1.47476
-1.49644
-1.49112
-1.4607
-1.44192
-1.48422
-1.485
-1.48068
-1.47572
-1.49174
-1.48592
-1.49232
-1.43408
-1.4984
-1.48786
-1.46394
-1.45
-1.34264
-1.47138
-1.47424
-1.45238
-1.46776
-1.45022
-1.5063
-1.25184
-1.48338
-1.49628
-1.49406
-1.48604
-0.96554
-1.42292
-1.4628
-1.44952
-1.4492
-1.41276
-1.47054
-1.46208
-1.50558
-1.4983
-1.46312
-1.49992
-1.4725
-1.43426
-1.24968
-1.49856
-1.49018
-1.50206
-1.49974
-1.46836
-1.4916
-1.44374
-1.45028
-1.47324
-1.4041
-1.49614
-1.46476
-1.40742
-1.21388
-1.48262
-1.49136
-1.47418
-1.47424
-1.47528
-1.5013
-1.47588
-1.46862
-1.50438
-1.4924
-1.47482
-1.46354
-1.49394
-1.47734
-1.48848
-1.50028
-1.37866
-1.4483
-1.49702
-1.45128
-1.46966
-1.49184
-1.49574
-1.49156
-1.41046
-1.4898
-1.46688
-1.49616
-1.51606
-1.49268
-1.4849
-1.49068
-1.43342
-1.49454
-1.43108
-1.43276
-1.44218
-1.50414
-1.39866
-1.48324
-1.47414
-1.48302
-1.50934
-1.47082
-1.42354
-1.41994
-1.46566
-1.47744
-1.46996
-1.48082
-1.47012
-1.4844
-1.4666
-1.49378
-1.4988
-1.48962
-1.49164
-1.37682
-1.4858
-1.47044
-1.44552
-1.48514
-1.47888
-1.44742
-1.47742
-1.45238
-1.49276
-1.48538
-1.48012
-1.42134
-1.49374
-1.4998
-1.4959
-1.45962
-1.47836
-1.4638
-1.48572
-1.51398
-1.48184
-1.48266
-1.49796
-1.46688
-1.49522
-1.4925
-1.45984
-1.49318
-1.47606
-1.48622
-1.48846
-1.50412
-1.47752
-1.49536
-1.48802
-1.42478
-1.4851
-1.4781
-1.47168
-1.45614
-1.41232
-1.51878
-1.49252
-1.49028
-1.48614
-1.49726
-1.45244
-1.47556
-1.48972
-1.50102
-1.49472
-1.45562
-1.49714
-1.42052
-1.49546
-1.3824
-1.49426
-1.49476
-1.4367
-1.48358
-1.50162
-1.4581
-1.41336
-1.48886
-1.45386
-1.48988
-1.49672
-1.4636
-1.44034
-1.4444
-1.49888
-1.44704
-1.46218
-1.49776
-1.50314
-1.5011
-1.49242
-1.45048
-1.51466
-1.49638
-1.43162
-1.49238
-1.44258
-1.46848
-1.46334
-1.49928
-1.46858
-1.48996
-1.39716
-1.49852
-1.4406
-1.48822
-1.48684
-1.47684
-1.08912
-1.49838
-1.47466
-1.4966
-1.4906
-1.48996
-1.45418
-1.29822
-1.4671
-1.49276
-1.4397
-1.46034
-1.50452
-1.50988
-1.4544
-1.4498
-1.46202
-1.50072
-1.48564
-1.49586
-1.4589
-1.45248
-1.21342
-1.43568
-1.48546
-1.43236
-1.48156
-1.49654
-1.45842
-1.45686
-1.49264
-1.48992
-1.49768
-1.41568
-1.4986
-1.42442
-1.423
-1.50188
-1.5024
-1.49812
-1.49
-1.40236
-1.49472
-1.44852
-1.49856
-1.409
-1.45446
-1.4923
-1.49624
-1.48076
-1.45736
-1.45998
-1.49632
-1.4467
-1.29882
-1.48962
-1.46254
-1.46878
-1.3938
-1.49174
-1.49712
-1.4825
-1.39872
-1.40558
-1.35702
-1.37686
-1.46164
-1.44784
-1.5156
-1.40216
-1.49084
-1.48354
-1.47942
-1.38618
-1.45896
-1.49704
-1.38444
-0.8034
-1.47644
-1.4843
-1.48132
-1.48404
-1.40368
-1.43302
-1.5028
-1.30694
-1.48146
-1.49718
-1.48386
-1.49786
-1.43288
-1.4895
-1.47654
-1.48234
-1.4547
-1.50102
-1.49212
-1.46432
-1.47368
-1.47562
-1.44756
-1.45944
-1.47476
-1.10982
-1.48072
-1.4268
-1.50194
-1.47662
-1.36358
-1.43248
-1.49156
-1.44266
-1.50202
-1.48892
-1.465
-1.49354
-1.48118
-1.5048
-1.43626
-1.49268
-1.47604
-1.47642
-1.49316
-1.47786
-1.49274
-1.51058
-1.47386
-1.4706
-1.49266
-1.50192
-1.43346
-1.43432
-1.47248
-1.45808
-1.47514
-1.46424
-1.4666
-1.45144
-1.48432
-1.48814
-1.49074
-1.49126
-1.4873
-1.48296
-1.41854
-1.50542
-1.4884
-1.51826
-1.44932
-1.4498
-1.44522
-1.48926
-1.4826
-1.42608
-1.44354
-1.38646
-1.08914
-1.46036
-1.50988
-1.4971
-1.44696
-1.49526
-1.5043
-1.4631
-1.43704
-1.3708
-1.4141
-1.51028
-1.49072
-1.48608
-1.50848
-1.47318
-1.48808
-1.48934
-1.3629
-1.38876
-1.47838
-1.302
-1.37718
-1.5063
-1.48032
-1.47494
-1.40382
-1.39344
-1.48274
-1.47058
-1.45824
-1.48272
-1.48902
-1.4422
-1.43942
-1.4981
-1.4922
-1.48062
-1.49608
-1.48954
-1.49176
-1.49054
-1.49054
-1.48862
-1.4726
-1.51262
-1.43826
-1.45122
-1.26418
-1.49772
-1.50518
-1.46104
-1.47464
-1.4777
-1.49306
-1.4935
-1.47426
-1.50044
-1.50454
-1.49336
-1.41152
-1.48826
-1.45332
-1.42618
-1.48864
-1.49698
-1.49632
-1.4377
-1.49216
-1.4521
-1.48828
-1.4233
-1.47332
-1.50298
-1.45232
-1.4845
-1.47002
-1.45326
-1.49094
-1.50034
-1.42156
-1.48648
-1.45124
-1.50032
-1.4892
-1.49824
-1.49984
-1.49322
-1.47242
-1.4869
-1.4783
-1.41908
-1.49886
-1.4831
-1.4722
-1.49066
-1.48146
-1.37102
-1.4858
-1.47952
-1.41702
-1.45448
-1.48246
-1.44162
-1.46754
-1.36826
-1.44382
-1.49224
-1.41982
-1.48634
-1.49768
-1.48848
-1.49292
-1.49094
-1.4931
-1.46544
-1.45698
-1.51666
-1.4772
-1.4739
-1.39222
-1.499
-1.50728
-1.49722
-1.03804
-1.49236
-1.48478
-1.49016
-1.48066
-1.40502
-1.47384
-1.48548
-1.49316
-1.4784
-1.47578
-1.4772
-1.51294
-1.47892
-1.49006
-1.49032
-1.43176
-1.50102
-1.41304
-1.3548
-1.48714
-1.49398
-1.32766
-1.46704
-1.47202
-1.49932
-1.49082
-1.4529
-1.51684
-1.50314
-1.49928
-1.49298
-1.4987
-1.48138
-1.50514
-1.49384
-1.44888
-1.4361
-1.46942
-1.49814
-1.5009
-1.4551
-1.44346
-1.45594
-1.45754
-1.34768
-1.46728
-1.37084
-1.46912
-1.45218
-1.37962
-1.44468
-1.49512
-1.47932
-1.43536
-1.37566
-0.92772
-1.49314
-1.48652
-1.48374
-1.33528
-1.49852
-1.489
-1.48142
-1.47662
-1.44654
-1.47736
-1.49194
-1.4783
-1.48838
-1.4492
-1.40414
-1.37138
-1.24748
-1.49254
-1.4825
-1.49588
-1.50374
-1.46568
-1.3834
-1.47628
-1.43074
-1.45764
-1.39102
-1.46246
-1.36092
-1.48236
-1.3699
-1.5059
-1.467748
-1.497114
-1.323644
-1.45659
-1.454965
-1.472976
-1.496839
-1.462601
-1.489764
-1.426186
-1.50686
-1.47868
-1.50052
-1.48554
-1.48526
-1.4829
-1.38176
-1.49214
-1.42342
-1.48422
-1.48634
-1.46776
-1.49478
-1.46906
-1.4934
-1.48956
-1.33628
-1.46948
-1.49818
-1.33344
-1.4976
-1.42698
-1.50448
-1.49648
-1.5124
-1.46992
-1.50656
-1.41294
-1.45504
-1.4923
-1.4919
-1.49186
-1.4651
-1.46244
-1.48542
-1.49726
-1.491
-1.49686
-1.4868
-1.49808
-1.49198
-1.49964
-1.34588
-1.49696
-1.47098
-1.42616
-1.49738
-1.47468
-1.49286
-1.50242
-1.37534
-1.47878
-1.48582
-1.4668
-1.09528
-1.48832
-1.44758
-1.49162
-1.48816
-1.47704
-1.42162
-1.48606
-1.43974
-1.5061
-1.46184
-1.4961
-1.49334
1.04132
-1.4472
-1.40698
-1.50384
-1.49936
-1.49872
-1.48496
-1.47172
-1.48546
-1.47856
-1.4531
-1.39874
-1.13798
-1.4202
-1.46778
-1.49374
-1.34256
-1.49932
-1.4906
-1.38362
-0.72028
-1.48786
-1.49402
-1.40908
-1.4702
-1.49634
-1.4983
-1.49252
-1.4806
-1.4845
-1.43252
-1.47874
-1.38516
-1.48382
-0.37508
-1.40182
-1.44342
-1.48848
-1.33338
-1.49764
-1.45024
-1.48806
-1.42238
-1.40288
-1.47062
-1.37298
-1.49504
-1.48652
-1.46304
-1.50128
-1.49156
-1.46622
-1.4318
-1.48382
-1.46788
-1.44776
-1.48444
-1.51394
-1.4418
-1.48132
-1.4809
-1.47816
-1.50072
-1.49836
-1.4498
-1.4874
-1.41784
-1.47086
-1.49454
-1.4809
-1.48286
-1.2345
-1.27544
-1.47532
-1.50328
-1.47356
-1.41276
-1.49392
-1.4731
-1.5081
-1.49534
-1.49518
-1.48072
-1.48704
-1.50086
-1.4644
-1.48176
-1.4431
-1.44238
-1.4888
-1.47172
-1.50854
-1.25732
-1.4688
-1.4826
-1.45844
-1.4921
-1.47302
-1.45728
-1.47762
-1.45592
-1.48586
-1.336
-1.49152
-1.48492
-1.49134
-1.4786
-1.45888
-1.47242
-1.50842
-1.48876
-1.27994
-1.49246
-1.45234
-1.48546
-1.50944
-1.49446
-1.47218
-1.5068
-1.48738
-1.4827
-1.48912
-1.49686
-1.4769
-1.49342
-1.4907
-1.49034
-1.49024
-1.48308
-1.36582
-1.48356
-1.4738
-1.4612
-1.27838
-1.46914
-1.516
-1.47628
-1.4725
-1.48128
-1.46436
-1.47676
-1.48616
-1.46032
-1.44814
-1.476
-1.48486
-1.46338
-1.50288
-1.47694
-1.4918
-1.50482
-1.47734
-1.41858
-1.47114
-1.49816
-1.45658
-1.50552
-1.4903
-1.37672
-1.4788
-1.04438
-1.4839
-1.27302
-1.45522
-1.48432
-1.49318
-1.46306
-1.5066
-1.3941
-1.48828
-1.49628
-1.47874
-1.45146
-1.46986
-1.49386
-1.48672
-1.4767
-1.46404
-1.49162
-1.45818
-1.322
-1.49314
-1.49916
-1.48704
-1.50098
-1.38886
-1.49644
-1.44986
-1.4795
-1.42238
-1.48728
-1.49266
-1.42798
-1.48508
-1.36264
-1.49148
-1.4055
-1.4791
-1.46396
-1.39758
-1.36682
-1.4942
-1.4914
-1.50554
-1.4949
-1.46412
-1.41994
-1.46698
-1.46226
-1.49744
-1.4993
-0.42018
-1.5222
-1.45192
-1.48668
-1.47622
-1.49864
-1.3016
-1.31774
-1.4911
-1.49182
-1.49948
-1.47774
-1.49342
-1.48558
-1.48706
-1.46088
-1.48452
-1.4784
-1.49342
-1.45732
-1.49022
-1.40226
-1.50292
-1.48562
-1.46386
-1.47396
-1.49544
-1.4847
-1.46414
-1.4792
-1.4885
-1.49322
-1.35854
-1.45892
-1.48714
-1.5003
-1.45688
-1.35422
-1.4878
-1.48306
-1.44648
-1.47728
-1.48638
-1.4919
-1.4934
-1.43884
-1.49214
-1.48174
-1.48638
-1.49386
-1.49736
-1.4835
-1.4601
-1.48228
-1.5023
-1.48682
-1.45498
-1.4708
-1.49236
-1.46144
-1.48178
-1.4452
-1.44812
-1.49506
-1.4611
-1.49018
-1.41814
-1.50252
-1.47176
-1.47928
-1.50478
-1.4579
-1.48744
-1.47832
-1.50588
-1.5014
-1.48404
-1.48168
-1.48092
-1.49648
-1.49406
-1.49742
-1.48922
-1.48324
-1.4945
-1.48834
-1.49592
-1.381
-1.49202
-1.46598
-1.49226
-1.474
-1.44322
-1.4737
-1.45504
-1.47366
-1.46916
-1.50532
-1.49542
-1.48672
-1.49286
-1.45964
-1.47802
-1.483
-1.49412
-1.49082
-1.48682
-1.47076
-1.34054
-1.4866
-1.49312
-1.47188
-1.4143
-1.46216
-1.46662
-1.4858
-1.50406
-1.48646
-1.49416
-1.4718
-1.4807
-1.4943
-1.48916
-1.40896
-1.50282
-1.20194
-1.48828
-1.49892
-1.49096
-1.46898
-1.49818
-1.50532
-1.4923
-1.49496
-1.44936
-1.47374
-1.45256
-1.37214
-1.45472
-1.46526
-1.4859
-1.49308
-1.48798
-1.46854
-1.31718
-1.50048
-1.34432
-1.49114
-1.44616
-1.48888
-1.43258
-1.48868
-1.4906
-1.47468
-1.49358
-1.47904
-1.3961
-1.45296
-1.5016
-0.96268
-1.47482
-1.50636
-1.46838
-1.50144
-1.48796
-1.5023
-1.45492
-1.49076
-1.4647
-1.4102
-1.4954
-1.48454
-1.41268
-1.48112
-1.37294
-1.49464
-1.46784
-1.48096
-1.49884
-1.47782
-1.49784
-1.39172
-1.47196
-1.48816
-1.48794
-1.51236
-0.97054
-1.47096
-1.48028
-1.46148
-1.49366
-1.46126
-1.48662
-1.49954
-1.44314
-1.4827
-1.49056
-1.4974
-1.44834
-1.44356
-1.49686
-1.47988
-1.46602
-1.182
-1.49486
-1.48264
-1.43242
-1.46858
-1.46876
-1.48826
-1.46762
-1.32806
-1.49836
-1.43568
-1.4612
-1.35226
-1.4714
-1.49788
-1.48494
-1.4976
-1.49408
-1.4614
-1.48862
-1.49284
-1.5281
-1.46976
-1.49718
-1.43332
-1.425
-1.45924
-1.44034
-1.4782
-1.48924
-1.45532
-1.41274
-1.49206
-1.44704
-1.47736
-1.4654
-1.48862
-1.49854
-1.50676
-1.46228
-1.4984
-1.46376
-1.4735
-1.1719
-1.48836
-1.42854
-1.4671
-1.48268
-1.34148
-1.49386
-1.46692
-1.48346
-1.50038
-1.4867
-1.50778
-1.4424
-1.47814
-1.4873
-1.5024
-1.43456
-1.47192
-1.49754
-1.5061
-1.51124
-1.50644
-1.4742
-1.474
-1.46758
-1.4867
-1.48878
-1.476
-1.47426
-1.48754
-1.49238
-1.48008
-1.49666
-1.4147
-1.49348
-1.36074
-1.47632
-1.49466
-1.47356
-1.4996
-1.50216
-1.44764
-1.5065
-1.47636
-1.5024
-1.48258
-1.51156
-1.45116
-1.4307
-1.48204
-1.4793
-1.50524
-1.48684
-1.51114
-1.44426
-1.48724
-1.49024
-1.45658
-1.49804
-1.5048
-1.4789
-1.487
-1.4788
-1.4803
-1.46702
-1.49094
-1.4729
-1.48784
-1.50518
-1.48784
-1.49338
-1.4492
-1.45792
-1.46122
-1.46272
-1.4862
-1.49748
-1.30468
-1.49418
-1.46888
-1.4258
-1.49286
-1.47776
-1.46888
-1.4627
-1.35552
-1.11294
-1.36894
-0.48666
-1.48874
-1.4918
-1.4952
-1.43226
-1.37758
-1.47982
-1.50432
-1.5075
-1.50324
-1.44238
-1.49656
-1.48582
-1.49368
-1.49986
-1.44526
-1.43298
-1.49956
-1.48262
-1.21728
-1.49422
-1.48926
-1.45842
-1.49098
-1.49154
-1.44508
-1.41856
-1.4888
-1.49244
-1.4569
-1.50408
-1.47592
-1.48958
-1.38536
-1.50338
-1.45606
-1.36286
-1.48178
-1.48058
-1.47558
-1.49076
-1.49014
-1.45172
-1.48828
-1.43034
-1.4842
-1.4999
-1.44888
-1.4546
-1.4698
-1.418
-1.44844
-1.47242
-1.47832
-1.49586
-1.50014
-1.2795
-1.4571
-1.4917
-1.47954
-1.44102
-1.52042
-1.5017
-1.49084
-1.49228
-1.48342
-1.48136
-1.49022
-1.46562
-1.47546
-1.4868
-1.46206
-1.4095
-1.49664
-1.50178
-1.49386
-1.46372
-1.48792
-1.44548
-1.47424
-1.48864
-1.4939
-1.50456
-1.49162
-1.46172
-1.39314
-1.49692
-1.3076
-1.484
-1.44644
-1.42612
-1.47764
-1.47148
-1.50086
-1.45214
-1.47906
-1.5114
-1.49396
-1.50328
-1.46844
-1.3717
-1.44826
-1.48988
-1.3575
-1.48326
-1.49406
-1.4988
-1.50546
-1.49722
-1.4835
-1.48656
-1.51436
-1.30166
-1.49416
-1.49248
-1.49806
-1.48642
-1.42928
-1.42438
-1.50442
-1.48464
-1.49512
-1.42822
-1.4698
-1.49954
-1.4825
-1.49276
-1.49404
-1.45248
-1.48346
-1.47916
-1.47566
-1.44556
-1.48056
-1.47956
-1.4909
-1.42856
-1.46744
-1.46044
-1.49392
-1.4794
-1.50196
-1.47202
-1.5006
-1.49722
-1.3369
-1.47602
-1.50498
-1.4776
-1.46678
-1.48784
-1.49292
-1.4774
-1.38372
-1.4554
-1.50416
-1.47864
-1.45056
-1.45628
-1.49008
-1.50402
-1.48434
-1.4466
-1.46206
-1.48386
-1.47828
-1.47406
-1.27464
-1.26236
-1.50772
-1.5
-1.44286
-1.47666
-1.50006
-1.48968
-1.48164
-1.45484
-1.43506
-1.4969
-1.48112
-1.4878
-1.46944
-1.39152
-1.49114
-1.31262
-1.49256
-1.50632
-1.48592
-1.49656
-1.48552
-1.48564
-1.49048
-1.47562
-1.4944
-1.48834
-1.46702
-1.45792
-1.46396
-1.49806
-1.48022
-1.49806
-1.34766
-1.48714
-1.4922
-1.46686
-1.46838
-1.50248
-1.50038
-1.44958
-1.4899
-1.497
-1.4834
-1.06144
-1.462
-1.49632
-1.51298
-1.48788
-1.47524
-1.48504
-1.48916
-1.50404
-1.31992
-1.47778
-1.502
-1.39922
-1.3903
-1.46494
-1.48072
-1.48174
-1.49268
-1.51368
-1.47874
-1.4156
-1.46396
-1.45116
-1.4907
-1.46402
-0.96876
-1.48154
-1.51036
-1.4637
-1.37206
-1.4642
-1.44216
-1.43712
-1.484
-1.47128
-1.50204
-1.49968
-1.50138
-1.47742
-1.48456
-1.48788
-1.4722
-1.4709
-1.42744
-1.44884
-1.51338
-1.47572
-1.39174
-1.5015
-1.48174
-1.42306
-1.46438
-1.29944
-1.4502
-1.4913
-1.43368
-1.4804
-1.48698
-1.49642
-1.4753
-1.49466
-1.49944
-1.47638
-1.47946
-1.48454
-1.44958
-1.49052
-1.4958
-1.47438
-1.49442
-1.50776
-1.49034
-1.39134
-1.49086
-1.4706
-1.4962
-1.46656
-1.4998
-1.44994
-1.45194
-1.28296
-1.49332
-1.3858
-1.48336
-1.47058
-1.45494
-1.477
-1.31006
-1.45642
-1.52742
-1.4984
-1.487
-1.49216
-1.49608
-1.36094
-1.49288
-1.46652
-1.44206
-1.48346
-1.46414
-1.48216
-1.47552
-1.45144
-1.43476
-1.416
-1.4756
-1.14764
-1.44436
-1.45226
-1.50756
-1.4939
-1.50422
-1.50678
-1.44748
-1.39656
-1.48162
-1.49486
-1.4924
-1.40376
-1.49278
-1.42748
-1.27692
-1.49308
-1.47822
-1.4788
-1.39228
-1.50402
-1.41687
-1.49115
-1.49854
-1.489967
-1.489189
-1.49833
-1.475888
-1.468353
-1.490726
-1.481778
-1.1184
-1.4804
-1.48916
-1.47162
-1.3295
-1.47666
-1.48828
-1.45556
-1.49924
-1.49038
-1.49284
-1.4718
-1.40742
-1.4667
-1.47336
-1.48166
-1.46536
-1.49502
-1.47782
-1.45738
-1.48884
-1.49086
-1.5112
-1.44502
-1.50226
-1.47752
-1.47662
-1.46406
-1.49252
-1.48926
-1.49522
-1.45556
-1.4678
-1.50554
-1.49376
-1.4883
-1.45502
-1.44574
-1.48662
-1.42118
-1.4748
-1.4694
-1.49696
-1.47164
-1.47242
-1.49226
-1.47892
-1.5112
-1.44576
-1.49286
-1.49106
-1.48964
-1.46908
-1.50252
-1.49828
-1.49986
-1.46862
-1.46366
-1.49572
-1.49506
-1.49302
-1.45746
-1.48758
-1.43866
-1.48392
-1.50966
-1.41806
-1.50108
-1.44896
-1.38264
-1.29354
-1.49748
-1.4778
-1.5034
-1.48142
-1.533
-1.50258
-1.49354
-1.4905
-1.48184
-0.1525
-1.4873
-1.49496
-1.4979
-1.35602
-1.50382
-1.4799
-1.46644
-1.46268
-1.45366
-1.48456
-1.40008
-1.37598
-1.42948
-1.5047
-1.47822
-1.49266
-1.46946
-1.48928
-1.49594
-1.50166
-1.48964
-1.48624
-1.48854
-1.50372
-1.4088
-1.46388
-1.50144
-1.48864
-1.49158
-1.49908
-1.50818
-1.4456
-1.4826
-1.3894
-1.50014
-1.47762
-1.48826
-1.49982
-1.4845
-1.4983
-1.45488
-1.46414
-1.50374
-1.48566
-1.47908
-1.4125
-1.43556
-1.46894
-1.4858
-1.49328
-1.47418
-1.4895
-1.48896
-1.48732
-1.49258
-1.4603
-1.4916
-1.48868
-1.47472
-1.496
-1.49166
-1.46404
-1.5009
-1.41544
-1.49066
-1.16942
-1.37524
-1.49098
-1.43996
-1.48102
-1.4939
-1.4899
-1.38646
-1.48412
-1.42762
-1.48208
-1.48642
-1.49218
-1.4562
-1.47692
-1.46748
-1.49102
-1.44314
-1.50232
-1.50002
-1.50034
-1.46294
-1.48748
-1.49646
-1.47694
-1.48792
-1.48112
-1.5054
-1.4625
-1.49138
-1.47118
-1.47416
-1.46498
-1.4831
-1.43078
-1.4819
-1.46238
-1.50304
-1.48404
-1.49466
-1.38826
-1.4325
-1.48534
-1.48138
-1.50606
-1.47406
-1.49166
-1.4527
-1.48574
-1.47812
-1.47992
-1.47882
-1.49528
-1.43846
-1.51256
-1.48236
-1.48148
-1.47548
-1.48756
-1.47212
-1.49332
-1.4948
-1.48256
-1.50142
-1.48554
-1.45912
-1.40948
-1.45014
-1.47514
-1.48
-1.48722
-1.48018
-1.49116
-1.437
-1.37264
-1.48938
-1.47558
-1.49618
-1.49836
-1.39742
-1.28352
-1.4961
-1.49116
-1.47334
-1.47908
-1.47412
-1.50056
-1.49876
-1.49102
-1.47038
-1.44336
-1.40782
-0.49998
-1.45108
-1.46214
-1.5047
-1.4834
-1.50048
-1.4788
-1.475
-1.49566
-1.4308
-1.48092
-1.4992
-1.45858
-1.49828
-1.47612
-1.4895
-1.49808
-1.3929
-1.47552
-1.49416
-1.485
-1.47068
-1.48296
-1.38952
-1.49218
-1.3262
-1.29424
-1.45918
-1.50624
-1.35212
-1.48852
-1.47866
-1.47748
-1.48158
-1.49484
-1.44992
-1.44142
-1.49484
-1.4825
-1.47994
-1.46428
-1.493
-1.49474
-1.48934
-1.41248
-1.48732
-1.47896
-1.44492
-1.49342
-1.51464
-1.4517
-1.46994
-1.47388
-1.49962
-1.49202
-1.44012
-1.43892
-1.44694
-1.49588
-1.48718
-1.46338
-1.46902
-1.44082
-1.49144
-1.47166
-1.48932
-1.48096
-1.49648
-1.48806
-1.49598
-1.4908
-1.47286
-1.48788
-1.49292
-1.50054
-1.40998
-1.41486
-1.4142
-1.49276
-1.49516
-1.50332
-1.48944
-1.49722
-1.49
-1.49048
-1.47862
-1.47988
-1.49296
-1.48596
-1.49098
-1.489
-1.4814
-1.48214
-1.50002
-1.49098
-1.4332
-1.50456
-1.48336
-1.4821
-1.4858
-1.45036
-1.43862
-1.50152
-1.4615
-1.49866
-1.43802
-1.4839
-1.46506
-1.4963
-1.48402
-1.47896
-1.46548
-1.48144
-1.37254
-1.48312
-1.47386
-1.49782
-1.48554
-1.37552
-1.49828
-1.47024
-1.49764
-0.5623
-1.488
-1.4772
-1.48484
-1.49342
-1.47924
-1.50168
-1.49138
-1.49906
-1.47934
-1.48998
-1.4728
-1.50046
-1.43852
-1.50182
-1.4939
-1.4371
-1.50358
-1.43982
-1.48026
-1.49842
-1.43986
-1.36106
-1.4585
-1.49074
-1.46506
-1.49576
-1.5052
-1.489
-1.48574
-1.49676
-1.48872
-1.48402
-1.4879
-1.43732
-1.4389
-1.46508
-1.49494
-1.50928
-1.48504
-1.48616
-1.45552
-1.47336
-1.4908
-1.46258
-1.41166
-1.46534
-1.41336
-1.48918
-1.48846
-1.48494
-0.91714
-1.43504
-1.46794
-1.34744
-1.4945
-1.50448
-1.45962
-1.48776
-1.47722
-1.47138
-1.47726
-1.4834
-1.46966
-1.46898
-1.48942
-1.51772
-1.48844
-1.4944
-1.39804
-1.50592
-1.46414
-1.48242
-1.48958
-1.49568
-1.4862
-1.4811
-1.49762
-1.48162
-1.4918
-1.36772
-1.22906
-1.50634
-1.48834
-1.47612
-1.44856
-1.4688
-1.4911
-1.50704
-1.49788
-1.48814
-1.49518
-1.48928
-1.48402
-1.4685
-1.46672
-1.48958
-1.444
-1.41866
-1.48556
-1.49476
-1.39636
-1.47594
-1.1627
-1.43348
-1.5028
-1.48248
-1.45446
-1.48702
-1.4984
-1.49146
-1.48608
-1.4787
-1.49004
-1.50436
-1.46248
-1.4992
-1.48992
-1.49026
-1.45578
-1.4772
-1.47942
-1.45946
-1.38568
-1.5018
-1.49724
-1.49856
-1.51094
-1.38608
-1.48246
-1.50908
-1.39118
-1.49994
-1.4852
-1.46628
-1.4506
-1.49862
-1.48312
-1.4823
-1.49492
-1.50116
-1.48904
-1.4573
-1.48536
-1.45504
-1.47402
-0.72224
-1.49594
-1.34726
-1.39308
-1.08256
-1.48972
-1.45098
-1.47518
-1.44658
-1.28612
-1.4366
-1.49236
-1.47748
-1.4396
-1.49194
-1.4905
-1.42354
-1.38148
-1.5075
-1.50516
-1.43568
-1.4776
-1.4977
-1.49962
-1.47302
-1.4712
-1.44296
-1.4877
-1.49348
-1.4993
-1.24524
-1.47962
-1.46628
-1.43368
-1.49748
-1.4696
-1.487
-1.48576
-1.50344
-1.44418
-1.42828
-1.38214
-1.49604
-1.4741
-1.43928
-1.48614
-1.51118
-1.48732
-1.4753
-1.47696
-1.48898
-1.48578
-1.4769
-1.46198
-1.49656
-1.46798
-1.4759
-1.46158
-1.45616
-1.41548
-1.44814
-1.41662
-1.47324
-1.5036
-1.45702
-1.43946
-1.4452
-1.4893
-1.41618
-1.47896
-1.49588
-1.48594
-1.4988
-1.50052
-1.49036
-1.47248
-1.50324
-1.4989
-1.49116
-1.4792
-1.4948
-1.4917
-1.49348
-1.50382
-1.49332
-1.45676
-1.4517
-1.48734
-1.50374
-1.47992
-1.496
-1.47644
-1.42484
-1.4973
-1.4544
-1.49624
-1.47094
-1.47358
-1.47426
-1.46834
-1.48736
-1.495
-1.47282
-0.84952
-1.4959
-1.49968
-1.48474
-1.37888
-1.47772
-1.46976
-1.34872
-1.482
-1.4648
-1.49636
-1.48314
-1.48144
-1.50578
-1.47424
-1.47914
-1.4782
-1.50206
-1.5045
-1.47398
-0.98442
-1.45796
-1.49942
-1.47494
-1.49866
-1.48424
-1.46624
-1.3906
-1.4236
-1.47358
-1.4166
-0.96866
-1.44482
-1.49098
-1.45508
-1.50498
-1.49032
-1.46984
-1.48162
-1.42048
-1.48172
-1.47638
-1.49602
-1.48176
-1.489
-1.4896
-1.31672
-1.48092
-1.48008
-1.48374
-1.48608
-1.48882
-1.44636
-1.47562
-1.47068
-1.4976
-1.50124
-1.4488
-1.50528
-1.46356
-1.25906
-1.49688
-1.49548
-1.47914
-1.48598
-1.50028
-1.47146
-1.45642
-1.49654
-1.4845
-1.51002
-1.49572
-1.485
-0.9499
-1.45432
-1.44868
-1.47698
-1.4833
-1.18062
-1.42962
-1.48022
-1.49332
-1.48268
-1.50724
-1.47778
-1.49792
-1.49676
-1.4938
-1.41394
-1.47656
-1.47822
-1.49636
-1.34914
-1.49654
-1.4337
-1.50118
-1.4501
-1.48214
-1.4811
-1.40994
-1.50654
-1.48164
-1.48244
-1.44298
-1.5079
-1.4945
-1.48628
-1.47968
-1.48074
-1.47354
-1.46416
-1.43782
-1.47394
-1.4567
-1.50342
-1.3964
-1.45744
-1.4846
-1.48044
-1.50072
-1.46396
-0.5068
-1.4973
-1.4742
-1.50574
-1.50048
-1.50584
-1.47084
-1.26792
-1.46934
-1.42556
-1.46018
-1.5014
-1.47166
-1.46396
-1.4795
-1.48994
-1.50962
-1.4772
-1.49374
-1.50802
-1.49604
-1.48112
-1.50696
-1.3939
-1.48034
-1.49258
-1.4535
-1.50782
-1.45116
-1.4849
-1.51034
-1.499
-1.46858
-1.48076
-1.49144
-1.49502
-1.43126
-1.48038
-1.21614
-1.44698
-1.47312
-1.42206
-1.49016
-1.49482
-1.48708
-1.52472
-1.48852
-1.4545
-1.45918
-1.43054
-1.43528
-1.4965
-1.50238
-1.38152
-1.49288
-1.44254
-1.4917
-1.38618
-1.38522
-1.4238
-1.49154
-1.50346
-1.50172
-1.4965
-1.4888
-1.48004
-1.49018
-1.48362
-1.37904
-1.48746
-1.46586
-1.48456
-1.4779
-1.48646
-1.46468
-1.50628
-1.48916
-1.47034
-1.49516
-1.4295
-1.4815
-1.45204
-1.47658
-1.37102
-1.47668
-1.49402
-1.4757
-1.44076
-1.49784
-1.4664
-1.48302
-1.49026
-1.48348
-1.50328
-1.46532
-1.49682
-1.49742
-1.50916
-1.48764
-1.46834
-1.48494
-1.36606
-1.48738
-1.49046
-1.4417
-1.49108
-1.48656
-1.49956
-1.42396
-1.42084
-1.49624
-1.46918
-1.4762
-1.45778
-1.47986
-1.4801
-1.46908
-1.44592
-1.49656
-1.46504
-1.46762
-1.51806
-1.49778
-1.47446
-1.4952
-1.46168
-1.4803
-1.32666
-1.47772
-1.49272
-1.49656
-1.4988
-1.4803
-1.37428
-1.48836
-1.49694
-1.49756
-1.45112
-1.44556
-1.4513
-1.40196
-1.3593
-1.4855
-1.39316
-1.50088
-1.43672
-1.3322
-1.47374
-1.47578
-1.48192
-1.48832
-1.46498
-1.2748
-1.49532
-1.49724
-1.46698
-1.48834
-1.3531
-1.46
-1.46846
-1.48322
-1.50194
-1.47646
-1.50844
-1.37722
-1.4963
-1.48616
-1.46156
-1.48526
-1.48688
-1.48766
-1.47014
-1.235
-1.50354
-1.4982
-1.40876
-1.41896
-1.49636
-1.488
-1.49954
-1.47076
-1.48492
-1.44566
-1.4608
-1.41434
-1.47238
-1.49418
-1.48536
-1.47222
-1.50484
0.19638
-1.49328
-1.45506
-1.48044
0.84242
-1.49272
-1.28214
-1.31658
-1.45888
-1.47542
-1.50252
-1.36876
-1.48544
-1.49752
-1.47896
-1.49062
-1.49374
-1.47112
-1.513212
-1.46923
-1.486232
-1.454971
-1.492179
-1.496069
-1.485509
-1.43242
-1.42094
-1.47906
-1.48174
-1.48076
-1.37114
-1.47256
-1.48532
-1.4822
-1.48668
-1.47128
-1.48112
-1.4953
-1.48482
-1.24042
-1.42918
-1.47434
-1.44492
-1.49046
-1.48666
-1.47846
-1.499
-1.41654
-1.49294
-1.34236
-1.4936
-1.5066
-1.48104
-1.47122
-1.50648
-1.50136
-1.46494
-1.47934
-1.48502
-1.51224
-1.49656
-1.4903
-1.47832
-1.40576
-1.45616
-1.4665
-1.34198
-1.44464
-1.43926
-1.48798
-1.40428
-1.4944
-1.44712
-1.47192
-1.51032
-1.45712
-1.44864
-1.47424
-1.50282
-1.4923
-1.46876
-1.47542
-1.45364
-1.48738
-1.48876
-1.49954
-1.48114
-1.4575
-1.2494
-1.46904
-1.48284
-1.4973
-1.43582
-1.51504
-1.48936
-1.46564
-1.35692
-1.45384
-1.42532
-1.4873
-1.49558
-1.47902
-1.4721
-1.46504
-1.39138
-1.45426
-1.45716
-1.41584
-1.50118
-1.4922
-1.47684
-1.47236
-1.4956
-1.40318
-1.4496
-1.4305
-1.47414
-1.47702
-1.42594
-1.3963
-1.51926
-1.48226
-1.48468
-1.48126
-1.45604
-1.48802
-1.47866
-1.48766
-1.48916
-1.48262
-1.46974
-1.42054
-1.48406
-1.46408
-1.50106
-1.43386
-1.51878
-1.44136
-1.50716
-1.48538
-1.47726
-1.47674
-1.4899
-1.48606
-1.41002
-1.48964
-1.28726
-1.48828
-1.44938
-1.49366
-1.44714
-1.3829
-1.48686
-1.49634
-1.49116
-1.50488
-1.48554
-1.49066
-1.47498
-1.46858
-0.79892
-1.49824
-1.4441
-1.48858
-1.4538
-1.4693
-1.47474
-1.4551
-1.46004
-1.48266
-1.48552
-1.4912
-1.48126
-1.45902
-1.3679
-1.46258
-1.4846
-1.47862
-1.49914
-1.4299
-1.48056
-1.31566
-1.36334
-1.50138
-1.39794
-1.49042
-1.46946
-1.47054
-1.40702
-1.49494
-1.43044
-1.45934
-1.48968
-1.45376
-1.50488
-1.50348
-1.48284
-1.445
-1.47648
-1.45032
-1.49446
-1.47926
-1.48014
-1.4776
-1.49076
-1.49452
-1.49704
-1.45798
-1.48938
-1.47118
-1.46068
-1.47564
-1.47926
-1.46424
-1.49186
-1.367
-1.48434
-1.5054
-1.44858
-1.49378
-1.50302
-1.46474
-1.47306
-1.49066
-1.484
-1.45702
-1.46234
-1.46686
-1.48428
-1.45588
-1.48142
-1.4693
-1.49678
-1.29252
-1.49814
-1.4737
-1.43402
-1.47328
-1.45696
-1.47348
-1.47744
-1.49574
-1.36438
-1.49316
-1.50938
-1.47052
-1.458
-1.46624
-1.47112
-1.49338
-1.50226
-1.4997
-1.50014
-1.48594
-1.49818
-1.48736
-1.48136
-1.49056
-1.45252
-1.47122
-1.43738
-1.48398
-1.38906
-1.47368
-1.47926
-1.46068
-1.41142
-1.50442
-1.48798
-1.45682
-1.47012
-1.47684
-1.46806
-1.49128
-1.48546
-1.4581
-1.41006
-1.34072
-0.98504
-1.47902
-1.4946
-1.43106
-1.48764
-1.31156
-1.48706
-1.46526
-1.5144
-1.36364
-1.49762
-1.4689
-1.42
-1.48906
-1.49542
-1.49286
-1.4947
-1.4916
-1.49016
-1.47086
-1.45342
-1.49308
-1.49094
-1.4758
-1.47466
-1.4848
-1.44208
-1.4959
-1.37112
-1.45486
-1.48532
-1.47124
-1.45416
-1.48298
-1.4883
-1.48234
-1.49396
-1.49602
-1.49334
-1.49688
-1.46932
-1.4764
-1.44602
-1.49486
-1.41826
-1.47266
-1.45574
-1.47326
-1.49186
-1.41706
-1.45764
-1.4543
-1.50144
-1.49396
-1.46144
-1.49672
-1.28134
-1.49276
-1.48908
-1.49812
-1.32826
-1.4589
-1.49212
-1.46954
-1.50736
-1.46534
-1.47684
-1.50156
-1.47614
-1.49474
-1.48172
-1.47752
-1.4263
-1.47208
-1.47886
-1.4595
-1.48332
-1.5159
-1.42644
-1.50786
-1.50758
-1.18588
-1.48594
-1.4816
-1.47456
-1.42288
-1.15596
-1.46906
-1.49102
-1.46152
-1.50078
-1.4721
-1.4129
-1.46174
-1.48234
-1.42016
-1.4796
-1.4779
-1.47668
-1.46932
-1.48928
-1.4728
-1.34156
-1.47078
-1.4835
-1.493
-1.48766
-1.47756
-1.49826
-1.5023
-1.46258
-1.45124
-1.47794
-1.36504
-1.48366
-1.498
-1.49222
-1.5
-1.49274
-1.4895
-1.3967
-1.48678
-1.4762
-1.51058
-1.44672
-1.4383
-1.3887
-1.48074
-1.47584
-1.5108
-1.45912
-1.49396
-1.5002
-1.48604
-1.48244
-1.41744
-1.45774
-1.4884
-1.48628
-1.37942
-1.48864
-1.49364
-1.49112
-1.4069
-1.42992
-1.49694
-1.36844
-1.50054
-1.49108
-1.49624
-1.50032
-1.35112
-1.4827
-1.49272
-1.44978
-1.34228
-1.45866
-1.48966
-1.48898
-1.37916
-1.49464
-1.50544
-1.46404
-1.50072
-1.50442
-1.46718
-1.48626
-1.50044
-1.49082
-1.49184
-1.4779
-1.41596
-1.46338
-1.4398
-1.49252
-1.49898
-1.37232
-1.4723
-1.48596
-1.50536
-1.50636
-1.48206
-1.24704
-1.41952
-1.45524
-1.37228
-1.5029
-1.49352
-1.47222
-1.47338
-1.5029
-1.1563
-1.4354
-1.4672
-1.47728
-1.50092
-1.4827
-1.33774
-1.4877
-1.47276
-1.49566
-1.38822
-1.48668
-1.4129
-1.29868
-1.27098
-1.48926
-1.49948
-1.46912
-1.48658
-1.49616
-1.45882
-1.4219
-1.5104
-1.46548
-1.4787
-1.44732
-1.49942
0.22172
-1.48018
-1.44302
-1.46612
-1.38282
-1.47526
-1.38042
-1.45458
-1.46638
-1.44094
-1.49316
-1.4889
-1.48744
-1.47924
-1.5053
-1.41964
-1.48672
-1.50596
-1.49348
-1.50002
-1.47394
-1.49232
-1.48268
-1.4839
-1.41462
-1.48436
-1.4946
-1.46326
-1.36834
-1.47474
-1.46972
-1.49164
-1.49678
-1.50188
-1.47444
-1.39834
-1.46232
-1.47914
-1.50464
-1.46902
-1.48736
-1.4974
-1.44534
-1.4926
-1.49024
-1.4325
-1.42694
-1.48224
-1.4888
-1.47332
-1.50038
-1.4644
-1.49236
-1.36736
-1.48576
-1.4724
-1.50906
-1.49322
-1.47772
-1.45674
-1.25682
-1.48802
-1.46292
-1.49416
-1.48906
-1.47488
-0.56902
-1.48782
-1.48798
-1.50214
-1.49502
-1.49312
-1.47672
-1.35346
-1.37952
-1.48088
-1.46156
-1.49186
-1.48866
-1.5043
-1.48922
-1.46206
-1.46068
-1.48742
-1.48956
-1.49786
-1.48242
-1.49374
-1.48338
-1.47452
-1.47242
-1.47568
-1.49124
-1.4878
-1.45486
-1.4823
-1.49144
-1.47068
-1.49642
-1.38902
-1.41544
-1.42026
-1.49256
-1.485
-1.43768
-1.1672
-1.47358
-1.48404
-1.48716
-1.49186
-1.47032
-1.43718
-1.48806
-1.4679
-1.48488
-1.43186
-1.47894
-1.45054
-1.4967
-1.47998
-1.47128
-1.43008
-1.50892
-1.4672
-1.44696
-1.49938
-1.35378
-1.45774
-1.47592
-1.4978
-1.48904
-1.48346
-1.50752
-1.4591
-1.47772
-1.49464
-1.50758
-1.46958
-1.4485
-1.49426
-1.47142
-1.485
-1.37536
-1.49514
-1.46224
-1.45682
-1.42292
-1.4981
-1.50596
-1.50688
-1.4586
-1.4765
-1.4383
-1.47062
-1.4086
-1.4879
-1.47854
-1.503
-1.4768
-1.49536
-1.48248
-1.49066
-1.50168
-1.16908
-1.47348
-1.49558
-1.47134
-1.46034
-1.51348
-1.441
-1.46584
-1.48272
-1.40766
-1.4856
-1.49698
-1.4843
-1.4308
-1.48274
-1.5067
-1.4623
-1.48564
-1.42886
-1.44872
-1.4466
-1.47572
-1.48076
-1.44132
-1.4113
-1.51338
-1.5059
-1.49088
-1.49136
-1.47948
-1.44456
-1.46596
-1.48074
-1.47804
-1.49548
-1.48708
-1.4819
-1.4748
-1.40662
-1.48372
-1.46996
-1.48692
-1.4859
-1.45836
-1.46802
-1.4878
-1.46298
-1.48326
-1.48372
-1.4681
-1.46814
1.44814
-1.48326
-1.49906
-1.49894
-1.48764
-1.47832
-1.50158
-1.46088
-1.46788
-1.47402
-1.50746
-1.48474
-1.49418
-1.484
-1.44382
-1.33326
-1.42948
-1.4976
-1.48534
-1.46518
-1.49398
-1.427
-1.49648
-1.4911
-1.46234
-1.49266
-1.4916
-1.482
-1.49574
-1.4402
-1.42324
-1.44866
-1.48372
-1.40164
-1.50186
-0.83764
-1.34078
-1.47968
-1.5023
-1.48624
-1.48596
-1.4625
-1.48104
-1.4547
-1.4627
-1.46134
-1.46594
-1.45108
-1.49778
-1.43636
-1.45218
-1.50666
-1.44636
-1.4545
-1.48436
-1.48616
-1.49076
-1.38756
-1.46044
-1.49274
-1.21922
-1.47128
-1.49822
-1.50014
-1.49776
-1.46778
-1.4874
-1.43418
-1.48208
-1.44888
-1.40714
-1.47266
-1.509
-1.4445
-1.49308
-1.45692
-1.48088
-1.48458
-1.49832
-1.29614
-1.41796
-1.47552
-1.36094
-1.46984
-1.49538
-1.46322
-1.4862
-1.48602
-1.4526
-1.43738
-1.48744
-1.48842
-1.44388
-1.44078
-1.50512
-1.50062
-1.48458
-1.41138
-1.19598
-1.46774
-1.48256
-1.48678
-1.46384
-1.4467
-1.48394
-1.24166
-1.45262
-1.4185
-1.48624
-1.44678
-1.5051
-1.4972
-1.13148
-1.46632
-1.36668
-1.49544
-1.40846
-1.49444
-1.50946
-1.3941
-1.47836
-1.4754
-1.48778
-1.49544
-1.4842
-1.46732
-1.4608
-1.4811
-1.49442
-1.48554
-1.43456
-1.44332
-1.5095
-1.44928
-1.46406
-1.47372
-1.46726
-1.493
-1.4941
-1.50586
-1.36894
-1.4964
-1.45448
-1.4768
-1.44252
-1.45294
-1.4536
-1.45522
-1.4606
-1.40382
-1.4355
-1.51702
-1.48146
-1.35734
-1.4852
-1.50102
-1.47572
-1.4871
-1.49458
-1.50252
-1.45828
-1.49446
-1.47764
-1.4737
-1.44082
-1.4779
