-1.503046
-1.499796
-1.492162
-1.498558
-1.497694
-1.500268
-1.46012
-1.49984
-1.499696
-1.495841
-1.492754
-1.476267
-1.497957
-1.498304
-1.498414
-1.498212
-1.495518
-1.497639
-1.487813
-1.463166
-1.49568
-1.478171
-1.486747
-1.495961
-1.492838
-1.493272
-1.479511
-1.47171
-1.442055
-1.497698
-1.49525
-1.495405
-1.499746
-1.503435
-1.500561
-1.498649
-1.48338
-1.493421
-1.394024
-1.49845
-1.49899
-1.502137
-1.497591
-1.493879
-1.491761
-1.500869
-1.501237
-1.500437
-1.494317
-1.498255
-1.496455
-1.494436
-1.500044
-1.496375
-1.497222
-1.500918
-1.473781
-1.49823
-1.500091
-1.439292
-1.496871
-1.499371
-1.463112
-1.495428
-1.497903
-1.497437
-1.492944
-1.4987
-1.496928
-1.475916
-1.494118
-1.497491
-1.480545
-1.387253
-1.500466
-1.486399
-1.497969
-1.497758
-1.492774
-1.499695
-1.495923
-1.496386
-0.635875
-1.471493
-1.503769
-1.453297
-1.536134
-1.496992
-1.48706
-1.492213
-1.497627
-1.49821
-1.496483
-1.499433
-1.493879
-1.491451
-1.498726
-1.474821
-1.495659
-1.480957
-1.498366
-1.479202
-1.493941
-1.455893
-1.483852
-1.454944
-1.500313
-1.470006
-1.486145
-1.498407
-1.490957
-1.496705
-1.432986
-1.350516
-1.49741
-1.477254
-1.490826
-1.496184
-1.486493
-1.494876
-1.497069
-1.495437
-1.477208
-1.488647
-1.500261
-1.484426
-1.485169
-1.488854
-1.451734
-1.493693
-1.484332
-1.490593
-1.498227
-1.498216
-1.495764
-1.474836
-1.46492
-1.49687
-1.494679
-1.489025
-1.468535
-1.447443
-1.477415
-1.493098
-1.497211
-1.496897
-1.452333
-1.490096
-1.496081
-1.443968
-1.488148
-1.452625
-1.489186
-1.489859
-1.490474
-1.378958
-1.498306
-1.413741
-1.501296
-1.384232
-1.482994
-1.497466
-1.495824
-1.463037
-1.492506
-1.498746
-1.496262
-1.494571
-1.494931
-1.432347
-1.490262
-1.467233
-1.468666
-1.495746
-1.49761
-1.505438
-1.49711
-1.486096
-1.494049
-1.489622
-1.489107
-1.477571
-1.49204
-1.204904
-1.486333
-1.488018
-1.496923
-1.497534
-1.485212
-1.3852
-1.42877
-1.499505
-1.421049
-1.480731
-1.496576
-1.501028
-1.492899
-1.497894
-1.301849
-1.496642
-1.474761
-1.496831
-1.49408
-1.487265
-1.382028
-1.49553
-1.410059
-1.494814
-1.477363
-1.485201
-1.444549
-1.451113
-1.485797
-1.489859
-1.489872
-1.49056
-1.492337
-1.484758
-1.405298
-1.464717
-1.492815
-1.486923
-1.498907
-1.48079
-1.445393
-1.477388
-1.489233
-1.426943
-1.492295
-1.501369
-1.496501
-1.358341
-1.535618
-1.499169
-1.479218
-1.500235
-1.495826
-1.479745
-1.492606
-1.498236
-1.498193
-1.498373
-1.457192
-1.494322
-1.517309
-1.497618
-1.498299
-1.497633
-1.497075
-1.488582
-1.477341
-1.44034
-1.497389
-1.48828
-1.496578
-1.494601
-1.465969
-1.450502
-1.498814
-1.457674
-1.497019
-1.485739
-1.495493
-1.477972
-1.501501
-1.491957
-1.496354
-1.491997
-1.496115
-1.499705
-1.503581
-1.498543
-1.502651
-1.488719
-1.414721
-1.495921
-1.497092
-1.493504
-1.496141
-1.501151
-1.47837
-1.473619
-1.395652
-1.453152
-1.491519
-1.495755
-1.496201
-1.43935
-1.498614
-1.491766
-1.458034
-1.479251
-1.439536
-1.493802
-1.498463
-1.495175
-1.497107
-1.486182
-1.490093
-1.499076
-1.496966
-1.494715
-1.398651
-1.498051
-1.499371
-1.493863
-1.509401
-1.498262
-1.494893
-1.498706
-1.489153
-1.491813
-1.496576
-1.461317
-1.499834
-1.495775
-1.495951
-1.463119
-1.493241
-1.498657
-1.498092
-1.496133
-1.398565
-1.372253
-1.497633
-1.49376
-1.500328
-1.497447
-1.501104
-1.493695
-1.497101
-1.469188
-1.493991
-1.498293
-1.492979
-1.488296
-1.492753
-1.492872
-1.392073
-1.497273
-1.497019
-1.495104
-1.493984
-1.494701
-1.450731
-1.482835
-1.487035
-1.497388
-1.49303
-1.496333
-1.430041
-1.495296
-1.494497
-1.488498
-1.484929
-1.497789
-1.496674
-1.499141
-1.504301
-1.495052
-1.494534
-1.441911
-1.494278
-1.496056
-1.487233
-1.496644
-1.478296
-1.499369
-1.49641
-1.499965
-1.490798
-1.491042
-1.49973
-1.472696
-1.45878
-1.475231
-1.494176
-1.500562
-1.480054
-1.497794
-1.445824
-1.498161
-1.491866
-1.462637
-1.290231
-1.496283
-1.494179
-1.497654
-1.491816
-1.4404
-1.499449
-1.495921
-1.493644
-1.496647
-1.498165
-1.500068
-1.494919
-1.478493
-1.491889
-1.498817
-1.486086
-1.449506
-1.35394
-1.493642
-1.37018
-1.48115
-1.496328
-1.417821
-1.494043
-1.492146
-1.48077
-1.500091
-1.496727
-1.501914
-1.491493
-1.460572
-1.450915
-1.493362
-1.486348
-1.487716
-1.497341
-1.462136
-1.49999
-1.478983
-1.495755
-1.495465
-1.484711
-1.403793
-1.49913
-1.499269
-1.408889
-1.489999
-1.496693
-1.520967
-1.473827
-1.488377
-1.49226
-1.477099
-1.495623
-1.474823
-1.472735
-1.482724
-1.469344
-1.475575
-1.496739
-1.450958
-1.451685
-1.495572
-1.491969
-1.495497
-1.456145
-1.497598
-1.488731
-1.424721
-1.476435
-1.492393
-1.476919
-1.481882
-1.447352
-1.491788
-1.481956
-1.50563
-1.403554
-1.496113
-1.498788
-1.498174
-1.293595
-1.495409
-1.491858
-1.472615
-1.488802
-1.477071
-1.498295
-1.49316
-1.499273
-1.502928
-1.498773
-1.400759
-1.491551
-1.417093
-1.46812
-1.494175
-1.493145
-1.48743
-1.462811
-1.48321
-1.533176
-1.437568
-1.450724
-1.498792
-1.498741
-1.495654
-1.497949
-1.496052
-1.494107
-1.499669
-1.450201
-1.49548
-1.489115
-1.49585
-1.480408
-1.475404
-1.495966
-1.42212
-1.468603
-1.497478
-1.352483
-1.350737
-1.475653
-1.347749
-1.499367
-1.497139
-1.502019
-1.501986
-1.492602
-1.497441
-1.496759
-1.478305
-1.47237
-1.498209
-1.498975
-1.500303
-1.491112
-1.499113
-1.435336
-1.501484
-1.482424
-1.463429
-1.481927
-1.497634
-1.499204
-1.496979
-1.497855
-1.466994
-1.504071
-1.495154
-1.499552
-1.4873
-1.495263
-1.494068
-1.492684
-1.501233
-1.489531
-1.498346
-1.495011
-1.496377
-1.497264
-1.491698
-1.450722
-1.497129
-1.496497
-1.423239
-1.495409
-1.498073
-1.490953
-1.490878
-1.47329
-1.476803
-1.495545
-1.49417
-1.507564
-1.497672
-1.50029
-1.454647
-1.500685
-1.498992
-1.499971
-1.498704
-1.489769
-1.479403
-1.497777
-1.435923
-1.428516
-1.49843
-1.496549
-1.502592
-1.465171
-1.470792
-1.481982
-1.50161
-1.498523
-1.495386
-1.501797
-1.496647
-1.471606
-1.500217
-1.497851
-1.494226
-1.440272
-1.480977
-1.496389
-1.496412
-1.376004
-1.497656
-1.496551
-1.496354
-1.489672
-1.500754
-1.49344
-1.458251
-1.385801
-1.495946
-1.498747
-1.446354
-1.485676
-1.490186
-1.495887
-1.439087
-1.495529
-1.458053
-1.507031
-1.432914
-1.478111
-1.497707
-1.489299
-1.491652
-1.498888
-1.496687
-1.495923
-1.507546
-1.501046
-1.488823
-1.370369
-1.49935
-1.498194
0.240076
-1.496256
-1.514161
-1.497819
-1.492242
-1.500528
-1.498346
-1.357414
-1.483836
-1.462657
-1.498902
-1.494269
-1.486275
-1.490587
-1.479485
-1.497625
-1.474884
-1.412804
-1.437344
-1.488969
-1.499776
-1.494945
-1.40405
-1.494991
-1.409151
-1.41254
-1.352982
-1.497127
-1.488495
-1.491499
-1.41341
-1.497578
-1.497484
-1.477067
-1.491537
-1.496313
-1.496464
-1.495188
-1.472168
-1.498228
-1.492504
-1.495902
-1.496243
-1.493447
-1.41248
-1.499884
-1.498346
-1.499692
-1.498155
-1.496091
-1.483742
-1.49376
-1.497796
-1.498022
-1.473919
-1.502734
-1.483331
-1.4377
-1.49304
-1.454915
-1.498094
-1.492182
-1.497736
-1.480224
-1.401953
-1.50041
-1.494996
-1.499347
-1.497578
-1.503922
-1.493818
-1.500988
-1.496114
-1.4964
-1.499065
-1.501414
-1.496524
-1.489115
-1.497857
-1.467458
-1.498496
-1.494048
-1.481832
-1.497669
-1.447818
-1.494425
-1.47946
-1.498605
-1.381048
-1.479924
-1.457674
-1.496755
-1.478254
-1.460846
-1.496831
-1.49771
-1.408236
-1.497993
-1.375026
-1.440538
-1.467474
-1.497209
-1.49525
-1.494469
-1.497519
-1.498969
-1.487725
-1.499956
-1.496837
-1.456856
-1.491846
-1.503125
-1.462337
-1.50353
-1.496382
-1.498831
-1.453329
-1.493672
-1.380914
-1.449524
-1.462658
-1.431479
-1.500304
-1.49692
-1.496335
-1.49611
-1.467493
-1.479054
-1.492829
-1.182957
-1.493322
-1.436799
-1.476122
-1.492307
-1.498793
-1.495082
-1.419383
-1.498734
-1.502814
-1.498458
-1.481516
-1.498557
-1.495806
-1.497532
-1.469018
-1.497277
-1.494876
-1.459688
-1.38802
-1.495904
-1.496784
-1.493025
-1.498549
-1.50281
-1.49702
-1.493031
-1.405013
-1.412398
-1.488189
-1.494174
-1.498648
-1.499189
-1.489318
-1.445973
-1.494699
-1.49218
-1.498232
-1.349499
-1.490995
-1.488726
-1.476101
-1.493537
-1.498553
-1.445782
-1.495657
-1.453928
-1.472354
-1.495643
-1.493881
-1.495481
-1.497944
-1.471485
-1.474476
-1.497853
-1.495895
-1.496664
-1.488027
-1.417584
-1.481786
-1.500211
-1.48419
-1.493864
-1.497126
-1.49947
-1.468229
-1.518821
-1.492561
-1.499778
-1.496889
-1.498001
-1.497564
-1.496484
-1.492872
-1.494757
-1.377146
-1.494628
-1.498225
-1.497283
-1.494083
-1.482117
-1.497138
-1.499308
-1.493213
-1.45061
-1.483559
-1.492601
-1.471444
-1.499502
-1.491937
-1.452922
-1.475857
-1.498041
-1.443191
-1.424507
-1.475551
-1.49362
-1.467147
-1.490528
-1.498832
-1.453639
-1.497223
-1.498087
-1.459348
-1.489367
-1.502491
-1.416354
-1.479784
-1.478741
-1.363899
-1.498475
-1.495946
-1.496539
-1.491688
-1.501296
-1.497373
-1.499082
-1.420874
-1.494821
-1.42781
-1.480058
-1.494566
-1.497566
-1.49624
-1.496217
-1.421175
-1.494326
-1.497044
-1.499932
-1.487778
-1.498889
-1.479288
-1.486917
-1.511484
-1.496943
-1.489497
-1.49593
-1.499625
-1.495615
-1.500593
-1.483466
-1.498941
-1.475269
-1.496852
-1.497275
-1.500567
-1.496685
-1.444963
-1.491918
-1.498648
-1.385867
-1.442645
-1.498311
-1.497541
-1.475774
-1.431466
-1.501908
-1.496399
-1.5006
-1.466588
-1.489662
-1.495785
-1.491662
-1.441146
-0.829171
-1.493088
-1.380225
-1.495802
-1.499335
-1.407141
-1.491755
-1.496998
-1.473371
-1.466385
-1.500119
-1.351149
-1.481197
-1.493629
-1.500292
-1.454316
-1.478563
-1.492403
-1.498976
-1.498778
-1.403374
-1.479115
-1.497914
-1.446379
-1.499351
0.150029
-1.454689
-1.495768
-1.498325
-1.477981
-1.37103
-1.415129
-1.500763
-1.498733
-1.516648
-1.487593
-1.498836
-1.396653
-1.480405
-1.455183
-1.493156
-1.48838
-1.495086
-1.48699
-1.477419
-1.492462
-1.499332
-1.358649
-1.489611
-1.497055
-1.497942
-1.500466
-1.486506
-1.488407
-1.501125
-1.492778
-1.498315
-1.487257
-1.493801
-1.492905
-1.484724
-1.40771
-1.498416
-1.458701
-1.494163
-1.496285
-1.495881
-1.498427
-1.494945
-1.493098
-1.497341
-1.498371
-1.492124
-1.49867
-1.37617
-1.493595
-1.498756
-1.490727
-1.448622
-1.499259
-1.496282
-1.472298
-1.4709
-1.497147
-1.435216
-1.494904
-1.494506
-1.499774
-1.49751
-1.491892
-1.496253
-1.440813
-1.497815
-1.489816
-1.443571
-1.482072
-1.41181
-1.468332
-1.498039
-1.492226
-1.502766
-1.496177
-1.485009
-1.490106
-1.485477
-1.497279
-1.48981
-1.488742
-1.502324
-1.496827
-1.434498
-1.495237
-1.471351
-1.49897
-1.500307
-1.495834
-1.496961
-1.496398
-1.340558
-1.499061
-1.482942
-1.437505
-1.495841
-1.386829
-1.498779
-1.49752
-1.498993
-1.497799
-1.498835
-1.477983
-1.471254
-1.492987
-1.483512
-1.495017
-1.502
-1.490779
-1.50461
-1.499494
-1.449906
-1.4904
-1.498752
-1.496493
-1.477384
-1.501618
-1.49029
-1.485856
-1.499167
-1.496355
-1.496085
-1.496615
-1.500631
-1.477477
-1.497546
-1.489313
-1.49708
-1.461719
-1.500523
-1.462254
-1.463188
-1.500374
-1.498475
-1.497043
-1.474255
-1.499569
-1.472554
-1.491112
-1.496942
-1.48784
-1.410166
-1.386256
-1.501958
-1.499195
-1.481886
-1.499374
-1.495392
-1.497381
-1.406833
-1.495705
-1.496809
-1.356303
-1.501574
-1.399727
-1.46636
-1.497599
-1.46819
-1.395556
-1.49326
-1.499279
-1.496718
-1.499903
-1.50074
-1.496311
-1.491444
-1.499599
-1.479143
-1.426814
-1.498974
-1.4852
-1.495079
-1.499032
-1.504315
-1.499486
-1.405829
-1.451908
-1.495868
-1.493578
-1.470458
-1.495332
-1.379912
-1.459232
-1.422383
-1.496521
-1.484871
-1.497731
-1.454467
-1.46578
-1.497967
-1.497577
-1.499927
-1.499343
-1.499103
-1.490754
-1.502597
-1.496905
-1.492266
-1.497513
-1.497976
-1.499306
-1.497634
-1.49768
-1.492418
-1.47223
-1.490661
-1.496582
-1.494759
-1.496109
-1.498645
-1.501952
-1.485915
-1.230322
-1.499539
-1.49008
-1.496192
-1.497946
-1.501983
-1.48461
-1.455844
-1.495477
-1.498726
-1.478384
-1.49736
-1.488892
-1.501616
-1.497237
-1.495496
-1.497418
-1.495675
-1.494048
-1.418239
-1.449071
-1.497142
-1.493314
-1.498137
-1.514157
-1.500747
-1.497955
-1.266071
-1.496352
-1.466878
-1.496434
-1.266733
-1.464649
-1.494322
-1.494342
-1.483769
-1.496726
-1.485593
-1.472901
-1.47551
-1.496823
-1.426254
-1.468778
-1.500557
-1.481826
-1.503969
-1.494473
-1.489008
-1.500581
-1.504494
-1.493841
-1.502354
-1.490739
-1.498005
-1.489506
-1.433115
-1.43498
-1.421678
-1.499194
-1.49883
-1.362202
-1.491025
-1.488987
-1.503776
-1.476863
-1.493325
-1.481525
-1.44631
-1.488327
-1.501233
-1.473433
-1.497968
-1.493398
-1.480854
-1.497962
-1.46478
-1.497462
-1.49263
-1.474949
-1.468682
-1.459609
-1.503828
-1.494227
-1.489717
-1.496644
-1.478426
-1.473715
-1.480436
-1.493729
-1.497413
-1.426595
-1.375491
-1.525963
-1.517509
-1.482582
-1.497828
-1.479176
-1.499645
-1.427234
-1.497348
-1.497812
-1.484694
-1.482051
-1.478683
-1.501152
-1.495348
-1.45751
-1.488715
-1.503783
-1.464357
-1.506814
-1.417498
-1.476825
-1.499914
-1.499309
-1.475721
-1.499276
-1.488284
-1.502122
-1.494344
-1.395771
-1.405276
-1.49663
-1.491504
-1.497375
-1.514593
-1.437942
-1.49828
-1.49398
-1.497463
-1.491848
-1.253903
-1.503853
-1.42854
-1.45523
-1.490899
-1.496646
-1.399202
-1.501259
-1.486617
-1.490955
-1.499138
-1.490753
-1.499422
-1.492136
-1.497727
-1.469607
-1.500418
-1.499204
-1.481499
-1.478991
-1.496908
-1.488902
-1.472613
-1.530883
-1.456364
-1.502893
-1.487269
-1.501568
-1.499393
-1.499104
-1.483528
-1.501333
-1.48916
-1.477665
-1.499538
-1.462036
-1.493763
-1.490422
-1.487499
-1.495031
-1.49092
-1.423339
-1.500101
-1.49965
-1.503728
-1.48882
-1.296589
-1.401284
-1.498628
-1.502053
-1.477025
-1.490289
-1.499336
-1.151458
-1.495092
-1.499604
-1.498193
-1.495754
-1.443694
-1.498331
-1.497287
-1.495175
-1.409085
-1.497276
-1.465956
-1.469083
-1.496135
-1.499498
-1.453351
-1.493912
-1.492881
-1.496144
-0.697665
-1.494255
-1.494528
-1.502194
-1.438995
-1.491669
-1.414747
-1.495713
-1.44786
-1.504711
-1.492727
-1.468909
-1.499287
-1.466987
-1.491829
-1.498722
-1.496496
-1.485137
-1.499359
-1.497098
-1.397605
-1.499813
-1.494197
-1.486293
-1.498919
-1.499375
-1.497425
-1.496776
-1.494931
-1.471287
-1.497413
-1.456768
-1.499659
-1.387163
-1.496914
-1.495045
-1.385307
-1.445996
-1.498234
-1.485667
-1.496674
-1.495958
-1.493982
-1.498146
-1.483744
-1.498432
-1.501526
-1.495145
-1.498579
-1.494349
-1.497252
-1.500488
-1.497153
-1.496208
-1.486356
-1.494745
-1.496481
-1.488533
-1.482259
-1.429435
-1.498918
-1.499687
-1.497267
-1.499466
-1.438925
-1.49204
-1.356767
-1.494794
-1.465256
-1.46095
-1.495432
-1.410586
-1.432016
-1.398262
-1.369781
-1.492734
-1.503939
-1.49898
-1.495479
-1.496075
-1.394179
-1.494557
-1.496567
-1.501017
-1.497466
-1.418678
-1.485183
-1.374701
-1.495441
-1.489341
-1.499024
-1.495579
-0.919545
-1.49813
-1.495821
-1.494646
-1.496366
-1.461915
-1.500506
-1.498969
-1.497798
-1.433519
-1.492749
-1.445218
-1.454702
-1.495079
-1.497748
-0.23552
-1.425667
-1.148118
-1.498547
-1.498551
-1.482453
-1.497222
-1.498861
-1.49951
-1.503173
-1.494639
-1.495046
-1.484522
-1.497075
-1.497851
-1.494408
-1.500555
-1.498
-1.48055
-1.499354
-1.431613
-1.486117
-1.494374
-1.488645
-1.497529
-1.473615
0.160866
-1.425885
-1.498555
-1.498809
-1.487271
-1.496152
-1.487579
-1.501459
-1.483609
-1.499186
-1.468764
-1.501693
-1.498187
-1.486805
-1.499044
-1.499765
-1.514779
-1.377993
-1.491004
-1.4959
-1.445046
-1.497972
-1.484139
-1.499802
-1.490671
-1.501061
-1.486763
-1.463121
-1.498064
-1.479106
-1.495861
-1.49425
-1.498749
-1.48272
-1.499297
-1.49777
-1.495019
-1.494135
-1.492479
-1.499815
-1.502062
-1.482799
-1.490232
-1.496693
-1.494976
-1.496575
-1.498258
-1.497522
-1.496991
-1.496753
-1.496969
-1.490759
-1.436103
-1.494926
-1.483946
-1.497197
-1.498501
-1.495955
-1.451427
-1.377159
-1.489131
-1.500762
-1.500668
-1.495728
-1.496806
-1.481406
-1.499624
-1.483537
-1.453098
-1.405851
-1.49685
-1.490715
-1.497788
-1.434194
-1.497256
-1.483133
-1.492696
-1.491934
-1.50156
-1.501547
-1.373095
-1.480639
-1.4734
-1.502783
-1.488487
-1.32927
-1.502313
-1.49279
-1.485286
-1.386091
-1.491822
-1.487234
-1.481317
-1.49832
-1.479113
-1.497422
-1.498321
-1.49847
-1.499353
-1.486519
-1.49734
-1.502965
-1.490184
-1.501961
-1.497897
-1.490751
-1.486413
-1.501266
-1.449741
-1.486146
-1.499428
-1.457195
-1.490186
-1.486392
-1.498318
-1.470899
-1.481452
-1.496881
-1.495634
-1.493646
-1.497533
-1.494488
-1.478304
-1.511172
-1.497259
-1.433173
-1.478851
-1.478177
-1.497794
-1.496025
-1.37422
-1.493592
-1.496443
-1.49184
-1.49338
-1.425109
-1.492765
-1.492238
-1.484621
-1.499884
-1.494531
-1.477704
-1.488396
-1.400499
-1.473479
-1.485443
-1.48914
-1.464105
-1.494009
-1.501036
-1.493669
-1.461909
-1.466135
-1.499392
-1.457147
-1.497007
-1.486914
-1.477335
-1.493426
-1.360991
-1.396207
-1.500061
-1.494515
-1.490178
-1.394061
-1.471415
-1.497888
-1.500438
-1.496301
-1.481671
-1.490291
-1.497842
-1.501078
-1.499644
-1.500406
-1.478899
-1.471798
-1.49324
-1.349619
-1.50014
-1.493046
-1.497629
-1.499042
-1.500333
-1.494075
-1.490034
-1.457855
-1.50212
-1.467929
-1.493658
-1.494125
-1.498025
-1.497233
-1.498929
-1.496163
-1.499058
-1.500391
-1.497428
-1.446891
-1.405628
-1.494174
-1.49545
-1.427549
-1.496352
-1.492893
-1.453863
-1.499835
-1.501965
-1.422616
-1.492403
-1.492621
-1.498104
-1.47566
-1.486473
-1.503177
-1.495666
-1.497765
-1.493048
-1.484524
-1.489354
-1.490271
-1.499242
-1.495002
-1.487867
-1.498856
-1.494921
-1.482804
-1.492803
-1.499211
-1.493538
-1.499116
-1.490919
-1.238248
-1.489105
-1.490054
-1.499058
-1.492847
-1.492847
-1.495248
-1.497074
-1.464276
-1.483193
-1.498629
-1.493052
-1.492705
-1.494794
-1.371577
-1.500913
-1.496289
-1.479645
-1.496532
-1.497189
-1.499229
-1.499876
-1.497793
-1.499191
-1.499123
-1.492779
-1.475564
-1.498701
-1.497243
-1.499379
-1.48714
-1.497069
-1.476818
-1.47705
-1.502048
-1.498998
-1.468528
-1.492162
-1.492898
-1.500721
-1.487468
-1.49981
-1.346973
-1.493541
-1.497287
-1.5371
-1.49767
-1.371766
-1.459938
-1.492098
-1.435866
-1.500476
-1.495806
-1.479048
-1.493831
-1.493474
-1.490225
-1.501186
-1.498657
-1.498986
-1.502333
-1.475985
-1.480025
-1.497645
-1.496351
-1.498484
-1.499571
-1.469273
-1.495988
-1.500615
-1.49063
-1.476676
-1.504938
-1.498215
-1.500455
-1.483236
-1.48968
-1.4228
-1.501073
-1.489944
-1.404948
-1.497717
-1.494896
-1.49147
-1.485678
-1.496254
-1.44536
-1.494034
-1.398007
-1.491791
-1.483164
-1.488434
-1.499331
-1.497663
-1.493606
-1.426053
-1.508414
-1.49739
-1.109387
-1.495929
-1.48613
-1.418259
-1.497255
-1.497503
-1.497556
-1.494797
-1.498074
-1.501681
-1.490092
-1.499476
-1.491844
-1.499531
-1.4522
-1.417944
-1.496795
-1.497607
-1.495625
-1.497527
-1.496332
-1.496315
-1.491038
-1.500275
-1.49542
-1.479941
-1.472946
-1.49822
-1.487068
-1.493574
-1.438642
-1.498775
-1.46766
-1.495553
-1.486764
-1.486351
-1.495911
-1.484335
-1.495624
-1.494566
-1.495826
-1.490509
-1.482544
-1.499429
-1.468406
-1.502118
-1.426404
-1.496804
-1.496287
-1.482298
-1.495962
-1.494397
-1.480073
-1.452652
-1.497655
-1.468768
-1.455903
-1.493999
-1.499339
-1.401903
-1.496967
-1.496271
-1.493785
-1.463527
-1.495474
-1.478884
-1.494249
-1.498058
-1.482299
-1.488398
-1.498453
-1.493758
-1.499678
-1.499393
-1.51347
-1.499757
-1.496797
-1.475037
-1.485582
-1.430177
-1.495523
-1.493904
-1.500561
-1.495457
-1.523449
-1.480023
-1.492748
-1.495031
-1.432722
-1.499316
-1.464201
-1.363191
-1.496176
-1.497364
-1.492487
-1.495866
-1.52889
-1.497779
-1.491713
-1.498615
-1.465093
-1.474476
-1.496879
-1.427876
-1.496855
-1.501163
-1.499812
-1.496659
-1.444288
-1.462504
-1.499612
-1.500935
-1.496258
-1.397657
-1.497924
-1.496956
-1.49777
-1.496828
-1.499237
-1.397521
-1.496874
-1.497827
-1.485418
-1.5017
-1.492769
-1.46369
-1.500871
-1.497357
-1.467352
-1.500105
-1.492091
-1.393502
-1.498883
-1.499425
-1.495114
-1.495607
-1.491041
-1.491201
-1.481184
-1.43742
-1.495353
-1.498559
-1.482095
-1.497594
-1.49732
-1.390401
-1.501695
-1.498409
-1.482695
-1.496833
-1.497016
-1.498945
-1.489843
-1.492025
-1.492979
-1.500524
-1.510773
-1.500544
-1.500507
-1.480113
-1.499061
-1.495123
-1.499703
-1.454384
-1.496721
-1.497084
-1.498902
-1.500616
-1.495435
-1.497698
-1.324311
-1.492075
-1.487301
-1.468991
-1.495382
-1.498624
-1.5014
-1.492706
-1.501214
-1.414292
-1.498739
-1.498251
-1.496835
-1.489993
-1.481933
-1.498924
-1.42672
-1.448725
-1.471388
-1.501112
-1.500217
-1.48718
-1.49396
-1.499102
-1.421955
-1.493563
-1.498068
-1.492834
-1.498273
-1.456419
-1.496451
-1.495562
-1.392212
-1.465316
-1.491573
-1.500167
-1.48078
-1.502621
-1.491908
-1.486202
-1.496938
-1.500207
-1.497921
-1.498147
-1.49853
-1.493568
-1.489398
-1.483863
-1.497541
-1.454103
-1.483158
-1.393825
-1.477702
-1.493565
-1.512315
-1.496286
-1.496064
-1.493864
-1.485963
-1.499037
-1.498406
-1.448722
-1.495801
-1.498524
-1.498259
-1.46128
-1.480621
-1.496174
-1.500512
-1.48234
-1.497237
-1.496513
-1.489317
-1.496704
-1.494343
-1.455548
-1.499057
-1.438608
-1.498517
-1.491306
-1.49312
-1.49835
-1.496206
-1.49649
-1.454036
-1.495007
-1.51653
-1.499565
-1.500812
-1.491466
-1.48518
-1.496826
-1.490572
-1.459293
-1.494514
-1.465561
-1.497128
-1.490779
-1.468088
-1.459744
-1.506558
-1.497211
-1.49565
-1.488726
-1.468758
-1.497289
-1.482163
-1.495045
-1.501893
-1.471917
-1.49499
-1.49584
-1.437892
-1.496289
-1.432487
-1.482032
-0.188637
-1.498063
-1.45933
-1.497895
-1.499181
-1.499318
-1.493039
-1.497018
-1.496908
-1.498421
-1.453723
-1.497793
-1.47652
-1.476418
-1.399844
-1.425482
-1.495076
-1.491036
-1.495083
-1.497902
-1.497185
-1.4943
-1.496339
-1.492266
-1.498592
-1.426621
-1.496486
-1.499056
-1.499309
-1.502103
-1.473025
-1.496048
-1.452366
-1.488668
-1.470691
-1.427243
-1.498751
-1.486093
-1.497931
-1.49822
-1.492477
-1.490121
-1.375212
-1.449551
-1.498454
-1.483952
-1.487647
-1.389009
-1.49472
-1.443727
-1.488599
-1.473174
-1.50164
-1.450432
-1.505991
-1.498166
-1.491182
-1.498451
-1.450271
-1.432389
-1.419672
-1.501171
-1.502285
-1.432301
-1.497939
-1.39077
-1.482906
-1.410525
-1.503519
-1.50049
-1.471123
-1.491777
-1.496178
-1.479031
-1.495613
-1.497019
-1.495329
-1.471283
-1.496304
-1.490718
-1.495175
-1.500388
-1.494798
-1.490876
-1.453976
-1.414121
-1.470999
-1.492732
-1.482848
-1.465337
-1.495729
-1.48906
-1.475981
-1.49405
-1.496202
-1.498545
-1.495695
-1.482976
-1.495694
-1.497116
-1.495935
-1.469505
-1.494511
-1.388438
-1.499066
-1.48544
-1.499341
-1.50037
-1.492637
-1.469718
-1.482406
-1.495123
-1.498088
-1.499271
-1.493478
-1.50072
-1.438818
-1.491348
-1.487269
-1.497244
-1.501741
-1.49712
-1.421806
-1.496525
-1.213638
-1.478624
-1.492824
-1.499392
-1.50219
-1.497303
-1.493586
-1.498671
-1.486141
-1.497413
-1.494411
-1.491636
-1.501143
-1.49004
-1.419881
-1.471232
-1.499118
-1.498892
-1.504693
-1.489499
-1.447536
-1.498074
-1.511362
-1.492098
-1.429552
-1.49795
-1.496834
-1.49789
-1.481145
-1.485848
-1.462588
-1.492571
-1.43822
-1.483248
-1.49556
-1.500653
-1.502808
-1.385898
-1.499097
-1.461913
-1.496155
-1.507979
-1.486991
-1.475412
-1.500041
-1.495577
-1.182382
-1.497286
-1.492344
-1.494571
-1.502874
-1.500942
-1.496489
-1.435645
-1.498933
-1.500079
-1.486492
-1.484818
-1.483557
-1.492166
-1.497094
-1.477227
-1.497372
-1.476554
-1.496097
-1.494909
-1.485429
-1.492988
-1.501172
-1.497541
-1.422491
-1.481671
-1.495692
-1.501935
-1.480514
-1.499405
-1.452594
-1.497838
-1.4845
-1.47054
-1.460731
-1.494262
-1.48192
-1.463384
-1.497664
-1.498733
-1.497238
-1.520981
-1.495488
-1.499362
-1.485511
-1.471112
-1.466013
-1.496299
-1.483262
-1.495046
-1.492442
-1.494458
-1.496956
-1.498018
-1.497382
-1.48998
-1.497236
-1.482715
-1.500105
-1.493914
-1.49714
-1.494967
-1.497241
-1.420623
-1.447707
-1.497728
-1.495037
-1.492918
-1.495687
-1.44777
-1.495037
-1.498014
-1.499712
-1.494314
-1.480424
-1.498893
-1.498904
-1.49734
-1.49085
-1.403879
-1.469136
-1.498416
-1.48592
-1.49232
-1.480085
-1.485581
-1.487092
-1.461988
-1.484913
-1.466361
-1.506441
-1.515571
-1.498964
-1.474674
-1.499438
-1.497999
-1.49811
-1.470094
-1.497581
-1.4439
-1.487233
-1.495296
-1.497956
-1.49651
-1.489861
-1.496293
-1.502045
-1.499901
-1.499069
-1.500974
-1.501536
-1.49785
-1.480506
-1.498856
-1.495634
-1.497349
-1.497439
-1.426918
-1.497663
-1.494483
-1.452841
-1.494651
-1.501196
-1.498901
-1.49954
-1.497824
-1.341994
-1.498437
-1.494104
-1.501875
-1.435082
-1.496887
-1.457582
-1.395132
-1.498429
-1.476245
-1.497212
-1.458274
-1.494265
-1.500797
-1.500199
-1.458283
-1.355271
-1.441573
-1.497507
-1.49214
-1.499267
-1.490195
-1.416924
-1.478612
-1.494656
-1.497217
-1.460369
-1.457801
-1.475846
-1.494499
-1.490002
-1.492265
-1.420813
-1.492871
-1.490741
-1.493336
-1.49736
-1.496909
-1.498488
-1.501615
-1.495047
-1.496267
-1.476854
-1.496325
-1.463959
-1.490056
-1.498081
-1.460872
-1.491575
-1.442006
-1.364004
-1.46916
-1.495313
-1.498808
-1.494561
-1.496014
-1.49212
-1.501291
-1.495734
-1.457861
-1.498905
-1.500701
-1.493756
-1.496318
-1.501187
-1.493752
-1.498245
-1.499853
-1.464807
-1.501713
-1.497784
-1.486968
-1.5008
-1.491607
-1.493277
-1.52208
-1.49251
-1.491839
-1.468079
-1.493403
-1.494011
-1.482088
-1.495181
-1.503075
-1.393842
-1.464508
-1.495989
-1.496064
-1.510797
-1.491336
-1.496643
-1.499847
-1.449437
-1.446345
-1.490115
-1.493978
-1.487617
-1.498965
-1.48789
-1.352215
-1.460056
-1.503697
-1.496842
-1.490852
-1.457617
-1.496267
-1.491443
-1.483833
-1.496668
-1.475585
-1.498578
-1.493462
-1.441862
-1.492138
-1.492742
-1.494928
-1.432657
-1.493818
-1.465068
-1.497839
-1.491483
-1.482166
-1.501478
-1.496139
-1.493431
-1.49642
-1.49467
-1.460991
-1.451177
-1.498349
-1.488865
-1.361843
-1.496705
-1.472321
-1.453848
-1.499817
-1.499655
-1.497656
-1.491467
-1.493485
-1.498816
-1.448583
-1.497564
-1.496081
-1.487781
-1.499532
-1.498229
-1.459239
-1.498143
-1.494923
-1.497051
-1.490111
-1.48072
-1.495936
-1.499092
-1.497805
-1.492744
-1.498819
-1.44215
-1.501345
-1.496231
-1.477518
-1.489618
-1.495739
-1.50093
-1.495561
-1.491204
-1.495417
-1.45636
-1.493642
-1.436007
-1.487417
-1.465856
-1.498898
-1.493337
-1.496155
-1.403468
-1.423923
-1.497398
-1.495502
-1.497134
-1.500572
-1.502033
-1.50222
-1.492646
-1.499448
-1.490061
-1.489586
-1.500026
-1.490011
-1.499663
-1.495059
-1.473883
-1.497393
-1.494662
-1.410386
-1.496798
-1.484865
-1.497973
-1.490396
-1.494752
-1.471864
-1.283234
-1.486823
-1.492695
-1.500315
-1.496435
-1.493581
-1.375335
-1.492595
-1.526065
-1.429301
-1.484607
-1.499678
-1.497503
-1.452598
-1.496939
-1.503006
-1.498185
-1.503307
-1.475856
-1.494696
-1.489775
-1.463286
-1.491005
-1.494161
-1.477425
-1.497373
-1.484961
-1.497217
-1.497114
-1.49928
-1.496334
-1.480455
-1.502714
-1.50034
-1.490095
-1.491106
-1.495955
-1.497802
-1.482063
-1.447659
-1.485913
-1.495918
-1.495863
-1.450181
-1.476204
-1.497719
-1.499107
-1.501517
-1.38703
-1.498954
-1.481029
-1.491593
-1.497992
-1.452141
-1.493027
-1.452104
-1.482396
-1.4982
-1.49861
-1.489618
-1.492804
-1.497808
-1.485901
-1.500373
-1.494889
-1.494565
-1.497242
-1.495338
-1.446716
-1.473525
-1.487881
-1.495695
-1.492215
-1.495073
-1.500611
-1.499824
-1.499396
-1.498347
-1.499016
-1.49753
-1.489316
-1.494675
-1.495341
-1.497361
-1.494068
-1.499017
-1.477556
-1.48645
-1.499359
-1.494832
-1.499934
-1.494654
-1.497662
-1.475873
-1.494344
-1.496953
-1.491292
-1.479846
-1.494474
-1.493417
-1.495831
-1.496802
-1.494406
-1.476871
-1.499146
-1.479842
-1.495287
-1.428502
-1.496074
-1.498595
-1.474298
-1.495342
-1.496434
-1.496261
-1.492517
-1.496424
-1.469485
-1.496949
-1.499546
-1.497925
-1.491104
-1.497134
-1.496956
-1.496238
-1.494712
-1.491781
-1.493045
-1.47624
-1.473788
-1.491695
-1.492723
-1.496165
-1.297107
-1.379312
-1.498782
-1.488849
-1.497046
-1.457057
-1.501383
-1.500266
-1.497469
-1.487993
-1.500584
-1.486223
-1.482658
-1.498349
-1.492685
-1.506303
-1.452483
-1.435599
-1.491982
-1.493003
-1.490915
-1.459952
-1.465367
-1.498495
-1.495898
-1.488549
-1.500849
-1.497032
-1.500923
-1.494093
-1.492717
-1.494767
-1.501083
-1.498348
-1.482217
-1.491556
-1.449875
-1.496988
-1.491223
-1.447244
-1.494064
-1.496298
-1.49582
-1.498193
-1.4984
-1.461929
-1.498129
-1.496658
-1.398658
-1.452263
-1.441658
-1.499185
-1.483308
-1.497914
-1.495135
-1.498652
-1.49891
-1.490019
-1.384849
-1.493802
-1.499374
-1.487862
-1.496744
-1.497527
-1.498832
-1.498188
-1.411065
-1.48393
-1.498006
-1.496582
-1.48282
-1.493632
-1.494496
-1.496901
-1.498911
-1.436869
-1.498356
-1.485695
-1.487719
-1.499621
-1.494693
-1.50006
-1.49092
-1.500296
-1.492194
-1.490238
-1.49054
-1.494885
-1.496688
-1.494051
-1.500977
-1.513826
-1.257415
-1.492538
-1.494155
-1.495782
-1.494084
-1.490722
-1.497929
-1.503463
-1.496684
-1.501048
-1.48031
-1.4933
-1.486446
-1.494434
-1.497956
-1.497105
-1.494127
-1.496801
-1.497478
-1.4916
-1.498795
-1.493625
-1.446933
-1.486075
-1.496568
-1.497234
-1.501228
-1.498343
-1.497591
-1.496506
-1.49897
-1.493856
-1.49727
-1.497036
-1.483608
-1.493693
-1.490679
-1.496772
-1.498681
-1.467669
-1.51431
-1.47602
-1.497006
-1.496805
-1.497836
-1.501177
-1.497486
-1.465253
-1.490095
-1.498101
-1.495212
-1.499984
-1.499739
-1.462623
-1.505501
-1.496907
-1.496857
-1.490452
-1.496703
-1.497132
-1.499274
-1.498573
-1.471872
-1.49784
-1.481232
-1.49945
-1.497706
-1.454461
-1.492713
-1.495934
-1.499114
-1.471716
-1.473514
-1.469768
-1.484616
-1.498204
-1.498155
-1.490157
-1.492969
-1.334054
-1.46958
-1.482367
-1.468114
-1.489185
-1.492183
-1.47442
-1.474911
-1.501463
-1.496039
-1.4887
-1.496857
-1.501352
-1.43993
-1.496458
-1.495915
-1.46692
-1.501037
-1.4921
-1.48899
-1.497621
-1.477622
-1.49633
-1.491959
-1.480704
-1.490935
-1.496575
-1.494753
-1.516993
-1.497175
-1.496924
-1.383346
-1.498622
-1.449629
-1.494365
-1.498772
-1.467438
-1.495262
-1.304487
-1.496212
-1.488243
-1.496607
-1.432066
-1.487203
-1.509
-1.499366
-1.498469
-1.497237
-1.499177
-1.498936
-1.499863
-1.491096
-1.489651
-1.491795
-1.498417
-1.501344
-1.499557
-1.49025
-1.498535
-1.499123
-1.496427
-1.40715
-1.478072
-1.499039
-1.476709
-1.498226
-1.503293
-1.496151
-1.464723
-1.500292
-1.491843
-1.468424
-1.498274
-1.483223
-1.502029
-1.498885
-1.497742
-1.501382
-1.498177
-1.417744
-1.488651
-1.496345
-1.496411
-1.506731
-1.494624
-1.491054
-1.492754
-1.491654
-1.493842
-1.496423
-1.489671
-1.496049
-0.469605
-1.465795
-1.493842
-1.484736
-1.482824
-1.491411
-1.493149
-1.48259
-1.503026
-1.478577
-1.500537
-1.493319
-1.499912
-1.495089
-1.492959
-1.49763
-1.497779
-1.499998
-1.497829
-1.494919
-1.494783
-1.487139
-1.482276
-1.497933
-1.500124
-1.494717
-1.485146
-1.497228
-1.495897
-1.437527
-1.50027
-1.487997
-1.495563
-1.496404
-1.501372
-1.50198
-1.499436
-1.487162
-1.496485
-1.496396
-1.492164
-1.500584
-1.499227
-1.483975
-1.477688
-1.433478
-1.48013
-1.478628
-1.491373
-1.499546
-1.499845
-1.491983
-1.494991
-1.483125
-1.499234
-1.465925
-1.466085
-1.490929
-1.496802
-1.491824
-1.498864
-1.494827
-1.499077
-1.495709
-1.497207
-1.456119
-1.496324
-1.504009
-1.479822
-1.497033
-1.493299
-1.500682
-1.485876
-1.497349
-1.498689
-1.402775
-1.492728
-1.500088
-1.487512
-1.498118
-1.49022
-1.41761
-1.497511
-1.464788
-1.503503
-1.374282
-1.467939
-1.497547
-1.492086
-1.494136
-1.495015
-1.497017
-1.49991
-1.498958
-1.486234
-1.489893
-1.49622
-1.498657
-1.481082
-1.46325
-1.495393
-1.495123
-1.499887
-1.500949
-1.490762
-1.49792
-1.498706
-1.499329
-1.497299
-1.496405
-1.49666
-1.497109
-1.497815
-1.507289
-1.496112
-1.471109
-1.474611
-1.492819
-1.498915
-1.496887
-1.458102
-1.495491
-1.489589
-1.492606
-1.499588
-1.49877
-1.499439
-1.497837
-1.486091
-1.494063
-1.496426
-1.496311
-1.500353
-1.497792
-1.455947
-1.499359
-1.491532
-1.400699
-1.496761
-1.502596
-1.499686
-1.496491
-1.499177
-1.498405
-1.463013
-1.499344
-1.429079
-1.494159
-1.373388
-1.483326
-1.497283
-1.494621
-1.497764
-1.494938
-1.492218
-1.492233
-1.494516
-1.498114
-1.501595
-1.498866
-1.364886
-1.494673
-1.495425
-1.459138
-1.48067
-1.496743
-1.49705
-1.496457
-1.470795
-1.498459
-1.49601
-1.49962
-1.400824
-1.493733
-1.475433
-1.499739
-1.498913
-1.486929
-1.503439
-1.50151
-1.502566
-1.496691
-1.502753
-1.499882
-1.497365
-1.491489
-1.504606
-1.383636
-1.299641
-1.496355
-1.44972
-1.485957
-1.498361
-1.48175
-1.491554
-1.49462
-1.495668
-1.475139
-1.49521
-1.424809
-1.495806
-1.497508
-1.496901
-1.495861
-1.479349
-1.499353
-0.722756
-1.497216
-1.476756
-1.515248
-1.494731
-1.497103
-1.484069
-1.410049
-1.498706
-1.492164
-1.537201
-1.49025
-1.490474
-1.499232
-1.502121
-1.497976
-1.497182
-1.494668
-1.491554
-1.496923
-1.500544
-1.499975
-1.499874
-1.495667
-1.497167
-1.499927
-1.497735
-1.496927
-1.492765
-1.500608
-1.500923
-1.492126
-1.501577
-1.353097
-1.49616
-1.494969
-1.495907
-1.502043
-1.397186
-1.492318
-1.289654
-1.493278
-1.496854
-1.49516
-1.500085
-1.458394
-1.485374
-1.405559
-1.327048
-1.497229
-1.493149
-1.405125
-1.500188
-1.493669
-1.49681
-1.469863
-1.471992
-1.474079
-1.496633
-1.472474
-1.49023
-1.492059
-1.503062
-1.500036
-1.491515
-1.485041
-1.490586
-1.501833
-1.488748
-1.491514
-1.480886
-1.491372
-1.497725
-1.279641
-1.499906
-1.49835
-1.427076
-1.457169
-1.499506
-1.488932
-1.499584
-1.48892
-1.480219
-1.496784
-1.496074
-1.442162
-1.497506
-1.490837
-1.502736
-1.464549
-1.484744
-1.489913
-1.50132
-1.500953
-1.490321
-1.49831
-1.400447
-1.497684
-1.501515
-1.442684
-1.470147
-1.483251
-1.498292
-1.491875
-1.483578
-1.494319
-1.495991
-1.469937
-1.49922
-1.49543
-1.459426
-1.500062
-1.495244
-1.500616
-1.495375
-1.496853
-1.493032
-1.500014
-1.462928
-1.424149
-1.486755
-1.499968
-1.47544
-1.497428
-1.49257
-1.490261
-1.499305
-1.4605
-1.499431
-1.494791
-1.500044
-1.480049
-1.496345
-1.497637
-1.497721
-1.500094
-1.49876
-1.497862
-1.491978
-1.49558
-1.497305
-1.463931
-1.48464
-1.489596
-1.493832
-1.468836
-1.492218
-1.498968
-1.470302
-1.498011
-1.490346
-1.500263
-1.488632
-1.432485
-1.498033
-1.466398
-1.491254
-1.476821
-1.496566
-1.431902
-1.49774
-1.490903
-1.491161
-1.506914
-1.481732
-1.494777
-1.447662
-1.502432
-1.496989
-1.495436
-1.478273
-1.457942
-1.49592
-1.490906
-1.494369
-1.406098
-1.488682
-1.484713
-1.507176
-1.49665
-1.497096
-1.49474
-1.491766
-1.485378
-1.38146
-1.420259
-1.480252
-1.483003
-1.499239
-1.487268
-1.497712
-1.436499
-1.488248
-1.500179
-1.497685
-1.496093
-1.467661
-1.472407
-1.446947
-1.504279
-1.500915
-1.499251
-1.502257
-1.321263
-1.48247
-1.487166
-1.49552
-1.487557
-1.497443
-1.497383
-1.436121
-1.471964
-1.500367
-1.493155
-1.453276
-1.463981
-1.495677
-1.452706
-1.493972
-1.492691
-1.542224
-1.406683
-1.491927
-1.497798
-1.499866
-1.495353
-1.486642
-1.498496
-1.494097
-1.49872
-1.489986
-1.483747
-1.470423
-1.494408
-1.496157
-1.411646
-1.490019
-1.491943
-1.494024
-1.497674
-1.482135
-1.492854
-1.475147
-1.499356
-1.475942
-1.478418
-1.500189
-1.492878
-1.50063
-1.442342
-1.497672
-1.497524
-1.493629
-1.48484
-1.494046
-1.498937
-1.491821
-1.471181
-1.343133
-1.48011
-1.496781
-1.49667
-1.490077
-1.496036
-1.497754
-1.500218
-1.486846
-1.497426
-1.493377
-1.49729
-1.426345
-1.492809
-1.496989
-1.374064
-1.501145
-1.482532
-1.417226
-1.490664
-1.494674
-1.498611
-1.495339
-1.499509
-1.496552
-1.435846
-1.498719
-1.495419
-1.500041
-1.497518
-1.480237
-1.498295
-1.498651
-1.496028
-1.496007
-1.484268
-1.336436
-1.492528
-1.380814
-1.496941
-1.497615
-1.500092
-1.491818
-1.49751
-1.499354
-1.482753
-1.497372
-1.49692
-1.497008
-1.499465
-1.501018
-1.49976
-1.416369
-1.486735
-1.493366
-1.499381
-1.495974
-1.497723
-1.488039
-1.498753
-1.500714
-1.455511
-1.493304
-1.497572
-1.461934
-1.495738
-1.497909
-1.480491
-1.475235
-1.497555
-1.488129
-1.362651
-1.502134
-1.495597
-1.500923
-1.42591
-1.482766
-1.49906
-1.496463
-1.410957
-1.484212
-1.498697
-1.49675
-1.4937
-1.461659
-1.499611
-1.491673
-1.485069
-1.487818
-1.499643
-1.495204
-1.498395
-1.496793
-1.487153
-1.467088
-1.498724
-1.416527
-1.476954
-1.494454
-1.492328
-1.497551
-1.494028
-1.497625
-1.487157
-1.495138
-1.496437
-1.485479
-1.499408
-1.494437
-1.480393
-1.492598
-1.491848
-1.488002
-1.502557
-1.497691
-1.498823
-1.498949
-1.482828
-1.499688
-1.4927
-0.801222
-1.461243
-1.502327
-1.496843
-1.496248
-1.499719
-1.491785
-1.496998
-1.492467
-1.514421
-1.483185
-1.499596
-1.49938
-1.499162
-1.42874
-1.432536
-1.494319
-1.418706
-1.498428
-1.497677
-1.483406
-1.478464
-1.499891
-1.496692
-1.492005
-1.493193
-1.493751
-1.497154
-1.495902
-1.498605
-1.490565
-1.50194
-1.492014
-1.496469
-1.5079
-1.49636
-1.498908
-1.496777
-1.491594
-1.482612
-1.471477
-1.498253
-1.496833
-1.46317
-1.497651
-1.498249
-1.497032
-1.498728
-1.498632
-1.498728
-1.496135
-1.498783
-1.417168
-1.479437
-1.492538
-1.49976
-1.49177
-1.470545
-1.467838
-1.49905
-1.497793
-1.498374
-1.38972
-1.496848
-1.489683
-1.497848
-1.477851
-1.493401
-1.472327
-1.498825
-1.486076
-1.39471
-1.487741
-1.489646
-1.500821
-1.496391
-1.501052
-1.46865
-1.497392
-1.496991
-1.488563
-1.39253
-1.447808
-1.488769
-1.496564
-1.499669
-1.496256
-1.48577
-1.495732
-1.35973
-1.496259
-1.498355
-1.376064
-1.494923
-1.497516
-1.502353
-1.494229
-1.49924
-1.498498
-1.494229
-1.490738
-1.49511
-1.498087
-1.500398
-1.484654
-1.498176
-1.498626
-1.498045
0.182769
-1.410295
-1.477933
-1.482824
-1.499227
-1.489165
-1.499852
-1.493376
-1.492042
-1.498493
-1.462133
-1.487947
-1.496238
-1.480527
-1.483202
-1.498606
-1.499348
-1.497344
-1.488095
-1.423281
-1.483285
-1.507084
-1.495646
-1.498973
-1.497481
-1.494945
-1.479186
-1.47387
-1.4998
-1.49791
-1.476248
-1.499481
-1.495222
-1.486865
-1.496082
-1.456219
-1.488192
-1.492625
-1.489615
-1.50046
-1.501056
-1.503024
-1.494674
-1.486908
-1.49823
-1.495468
-1.498723
-1.498104
-1.494272
-1.497417
-1.4996
-1.460186
-1.500287
-1.496697
-1.497667
-1.365454
-1.501212
-1.495485
-1.48236
-1.473765
-1.493688
-1.495975
-1.43892
-1.453379
-1.473292
-1.22508
-1.502113
-1.466578
-1.387925
-1.500909
-1.445873
-1.459902
-1.497643
-1.497603
-1.449172
-1.493335
-1.411792
-1.494181
-1.498285
-1.496423
-1.497179
-1.502564
-1.488194
-1.464727
-1.488822
-1.436533
-1.49469
-1.491933
-1.497719
-1.492831
-1.459271
-1.487014
-1.49195
-1.516414
-1.472903
-1.490757
-1.497012
-1.497688
-1.499624
-1.479456
-1.489868
-1.487461
-1.436567
-1.497137
-1.408409
-1.486921
-1.499154
-1.419142
-1.492332
-1.487583
-1.498771
-1.499949
-1.484705
-1.46467
-1.452009
-1.495865
-1.498374
-1.494702
-1.49526
-1.445499
-1.470742
-1.477063
-1.500774
-1.485042
-1.496256
-1.472037
-1.499473
-1.481283
-1.489487
-1.487963
-1.465604
-1.496429
-1.500207
-1.475045
-1.50173
-1.494946
-0.291218
-1.499175
-1.498989
-1.464797
-1.450858
-1.497219
-1.428112
-1.451619
-1.498359
-1.50076
-1.481072
-1.496101
-1.443024
-1.433513
-1.403202
-1.501351
-1.497591
-1.447265
-1.41485
-1.498288
-1.492801
-1.476719
-1.454512
-1.49596
-1.501347
-1.492488
-1.498048
-1.500205
-1.4961
-1.496583
-1.499648
-1.492022
-1.487625
-1.497125
-1.496165
-1.499178
-1.490548
-1.493889
-1.475977
-1.52018
-1.497482
-1.490227
-1.499688
-1.469507
-1.461524
-1.433516
-1.496157
-1.468014
-1.474333
-1.495453
-1.498229
-1.501467
-1.404661
-1.48779
-1.412364
-1.497165
-1.492943
-1.471836
-1.497588
-1.498911
-1.489879
-1.498982
-1.486229
-1.487177
-1.464836
-1.405125
-1.499637
-1.497369
-1.499337
-1.498079
-1.497141
-1.496248
-1.496692
-1.462645
-1.480953
-1.480374
-1.499002
-1.427339
-1.490397
-1.495202
-1.460247
-1.493479
-1.489629
-1.420853
-1.44747
-1.49214
-1.501782
-1.501204
-1.405965
-1.499016
-1.499358
-1.498433
-1.480345
-1.496402
-1.4976
-1.496365
-1.473994
-1.492035
-1.425199
-1.495618
-1.493285
-1.495314
-1.495794
-1.491501
-1.496428
-1.49401
-1.495034
-1.498519
-1.49066
-1.498382
-1.492096
-1.497309
-1.475232
-1.388886
-1.496383
-1.482453
-1.49721
-1.493212
-1.502827
-1.43256
-1.501455
-1.492923
-1.492026
-1.496811
-1.496283
-1.497221
-1.483763
-1.494666
-1.499681
-1.366017
-1.494586
-1.489178
-1.494098
-1.496386
-1.501536
-1.497001
-1.488673
-1.51313
-1.495708
-1.418492
-1.486659
-1.496752
-1.322229
-1.487519
-1.499257
-1.491395
-1.480556
-1.494679
-1.49873
-1.497447
-0.680047
-1.480922
-1.4673
-1.501485
-1.496397
-1.486611
-1.495591
-1.496036
-1.459721
-1.489808
-1.498961
-1.499999
-1.495286
-1.492535
-1.497849
-1.502699
-1.500075
-1.494201
-1.479313
-1.46806
-1.496939
-1.498617
-1.500369
-1.466006
-1.448995
-1.495764
-1.485733
-1.493419
-1.470007
-1.497524
-1.469919
-1.397896
-1.4947
-1.4492
-1.456926
-1.485781
-1.489595
-1.474054
-1.457789
-1.49747
-1.497819
-1.497001
-1.501275
-1.497309
-1.498672
-1.494864
-1.496227
-1.498608
-1.500275
-1.499507
-1.499242
-1.493573
-1.491424
-1.495439
-1.457195
-1.470416
-1.479682
-1.501458
-1.497757
-1.503415
-1.373117
-1.495423
-1.498883
-1.484836
-1.475307
-1.478713
-1.495871
-1.479045
-1.498687
-1.489584
-1.504024
-1.498268
-1.480942
-1.477967
-1.490324
-1.497147
-1.496211
-1.521998
-1.434599
-1.497087
-1.497636
-1.502591
-1.387002
-1.442065
-1.499382
-1.492144
-1.498201
-1.401094
-1.490865
-1.419871
-1.498479
-1.496618
-1.394966
-1.48533
-1.495454
-1.493013
-1.497663
-1.50147
-1.496897
-1.39019
-1.490655
-1.497348
-1.495545
-1.43902
-1.492273
-1.491784
-1.494354
-1.444342
-1.494647
-1.498888
-1.481531
-1.497001
-1.498959
-1.495879
-1.46041
-1.494451
-1.496424
-1.495772
-1.49352
-1.515445
-1.386829
-1.496268
-1.497049
-1.496949
-1.495423
-1.44309
-1.475163
-1.497167
-1.492176
-1.485857
-1.499076
-1.500197
-1.490054
-1.443533
-1.501578
-1.372676
-1.433621
-1.500554
-1.479254
-1.497874
-1.500387
-1.492575
-1.502144
-1.436483
-1.497269
-1.487747
-1.494823
-1.497871
-1.499543
-1.49654
-1.484495
-1.492248
-1.454072
-1.494824
-1.421388
-1.415232
-1.501425
-1.498154
-1.49746
-1.499149
-1.493351
-1.496291
-1.498126
-1.494848
-1.49936
-1.476589
-1.452788
-1.496675
-1.498201
-1.493322
-1.491331
-1.490328
-1.494351
-1.499729
-1.49703
-1.485927
-1.498408
-1.497212
-1.490704
-1.392736
-1.484172
-1.493299
-1.424586
-1.501487
-1.489983
-1.452217
-1.493179
-1.499466
-1.485573
-1.497731
-1.397033
-1.492474
-1.490287
-1.488227
-1.49275
-1.499429
-1.446989
-1.485614
-1.486414
-1.499365
-1.490214
-1.49597
-1.501096
-1.272795
-1.497896
-1.465234
-1.494048
-1.49933
-1.498911
-1.492768
-1.485322
-1.496514
-1.479601
-1.493328
-1.496875
-1.402763
-1.483245
-1.496012
-1.501353
-1.49561
-1.365613
-1.495766
-1.496679
-1.493929
-1.498122
-1.490904
-1.450371
-1.496176
-1.493168
-1.45973
-1.47448
-1.499279
-1.494298
-1.49742
-1.495384
-1.496327
-1.474343
-1.47048
-1.497249
-1.50092
-1.498194
-1.500114
-1.485162
-1.487635
-1.496792
-1.449816
-1.485216
-1.499301
-1.372417
-1.495605
-1.496377
-1.501745
-1.493762
-1.500845
-1.494819
-1.493611
-1.476222
-1.480265
-1.496217
-1.435945
-1.467444
-1.413954
-1.499941
-1.498851
-1.482855
-1.500126
-1.497975
-1.403483
-1.48317
-1.45591
-1.497553
-1.498625
-1.495669
-1.474368
-1.49667
-1.498526
-1.49534
-1.49501
-1.498625
-1.497361
-1.494903
-1.498454
-1.500115
-1.494462
-1.488157
-1.518324
-1.484137
-1.498447
-1.438992
-1.492933
-1.499182
-1.500911
-1.483899
-1.495816
-1.476463
-1.497451
-1.496222
-1.485533
-1.474789
-1.499921
-1.485801
-1.499304
-1.49217
-1.486961
-1.496114
-1.49867
-1.498645
-1.498049
-1.4719
-1.492616
-1.496425
-1.471291
-1.498339
-1.4732
-1.496149
-1.498197
-1.49709
-1.492971
-1.379274
-1.500176
-1.49137
-1.494612
-1.479193
-1.497207
-1.493302
-1.496683
-1.501347
-1.490564
-1.494127
-1.493662
-1.453041
-1.498319
-1.497217
-1.499652
-1.488351
-1.457338
-1.48568
-1.499096
-1.415919
-1.466619
-1.500818
-1.495687
-1.493678
-1.481802
-1.46878
-1.497342
-1.496385
-1.500407
-1.495319
-1.453236
-1.500249
-1.466546
-1.491867
-1.495472
-1.499939
-1.496613
-1.495931
-1.498135
-1.496098
-1.477141
-1.497912
-1.501335
-1.355511
-1.499518
-1.500721
-1.42668
-1.498105
-1.498262
-1.445978
-1.497956
-1.495147
-1.495273
-1.491106
-1.494506
-1.447976
-1.49821
-1.485152
-1.501464
-1.458271
-1.423966
-1.498908
-1.431444
-1.498157
-1.497767
-1.499642
-1.498719
-1.495875
-1.487661
-1.501268
-1.496334
-1.500069
-1.496008
-1.499261
-1.497768
-1.499284
-1.490073
-1.498121
-1.50764
-1.498
-1.494342
-1.468575
-1.49715
-1.495224
-1.475279
-1.401211
-1.495023
-1.492983
-1.485314
-1.499699
-1.495839
-1.498269
-1.497654
-1.493271
-1.496746
-1.499649
-1.480933
-1.479876
-1.500042
-1.5012
-1.49895
-1.360763
-1.498999
-1.500471
-1.48706
-1.467904
-1.494028
-1.496867
-1.495936
-1.49808
-1.484823
-1.497512
-1.498612
-1.498367
-1.49249
-1.497268
-1.482212
-1.418458
-1.496809
-1.497209
-1.497538
-1.450212
-1.494032
-1.492558
-1.500105
-1.488086
-1.490671
-1.495155
-1.493256
-1.494904
-1.495699
-1.500197
-1.494708
-1.50139
-1.484748
-1.48061
-1.496046
-1.495541
-1.466895
-1.491131
-1.494271
-1.498085
-1.452115
-1.497017
-1.495676
-1.497465
-1.463476
-1.492633
-1.500188
-1.462238
-1.492049
-1.495091
-1.490372
-1.497655
-1.495926
-1.490417
-1.485252
-1.492832
-1.499067
-1.44748
-1.498888
-0.251998
-1.414223
-1.488185
-1.496627
-1.501966
-1.46738
-1.4482
-1.493982
-1.476529
-1.479679
-1.481459
-1.494794
-1.48729
-1.48481
-1.498489
-1.496223
-1.500368
-1.405829
-1.487645
-1.503906
-1.500778
-1.491363
-1.47521
-1.499858
-1.4892
-1.50142
-1.471826
-1.501115
-1.497353
-1.499334
-1.493981
-1.498323
-1.498781
-1.498864
-1.476847
-1.498002
-1.478297
-1.487277
-1.354497
-1.496641
-1.498439
-1.493286
-1.492251
-1.467116
-1.48869
-1.496204
-1.498306
-1.458765
-1.498182
-1.499588
-1.46933
-1.492037
-1.44958
-1.500913
-1.498914
-1.494788
-1.523427
-1.49821
-1.516776
-1.499918
-1.50853
-1.49576
-1.492259
-1.492755
-1.489983
-1.492126
-1.492356
-1.436346
-1.497014
-1.481093
-1.440574
-1.474394
-1.499898
-1.470956
-1.497734
-1.498911
-1.436075
-1.499825
-1.479214
-1.494603
-1.490008
-1.487535
-1.495566
-1.49678
-1.497057
-1.496089
-1.499181
-1.482939
-1.427078
-1.354943
-1.489701
-1.479064
-1.499366
-1.475457
-1.382562
-1.50159
-1.497471
-1.41224
-1.497954
-1.500757
-1.488699
-1.451388
-1.497979
-1.486044
-1.499184
-1.493598
-1.523519
-1.327517
-1.493415
-1.457443
-1.500153
-1.498059
-1.484895
-1.453726
-1.497468
-1.493769
-1.489008
-1.506338
-1.492436
-1.500451
-1.46657
-1.497936
-1.497601
-1.497424
-1.499588
-1.501815
-1.496488
-1.496155
-1.484203
-1.452694
-1.410204
-1.506067
-1.48869
-1.435665
-1.49733
-1.49575
-1.441786
-1.49981
-1.488296
-1.488098
-1.473682
-1.500513
-1.467448
-1.443755
-1.497047
-1.486931
-1.47843
-1.479286
-1.321714
-1.495799
-1.502033
-1.494302
-1.499619
-1.483508
-1.474176
-1.451337
-1.500756
-1.498451
-1.492811
-1.500222
-1.488065
-1.484864
-1.493956
-1.44837
-1.498604
-1.492987
-1.499635
-1.500152
-1.457876
-1.496654
-0.480741
-1.492202
-1.499045
-1.491439
-1.490859
-1.497415
-1.494996
-1.500126
-1.496505
-1.491598
-1.494558
-1.496212
-1.500996
-1.499389
-1.459328
-1.499002
-1.495744
-1.501856
-1.496989
-1.499699
-1.484241
-1.510575
-1.49605
-1.498549
-1.496037
-1.499086
-1.44066
-1.495186
-1.484642
-1.496733
-1.481394
-1.492027
-1.477165
-1.497722
-1.476672
-1.430943
-1.50011
-1.480048
-1.494097
-1.499123
-1.461338
-1.500642
-1.483713
-1.488408
-1.504442
-1.505134
-1.497801
-1.424846
-1.498662
-1.362658
-1.499145
-1.492293
-1.471402
-1.502074
-1.435415
-1.490984
-1.498729
-1.497444
-1.49764
-1.492395
-1.431799
-1.489457
-1.499455
-1.499493
-1.503351
-1.495207
-1.496043
-1.455587
-1.494089
-1.501487
-1.384054
-1.48352
-1.470867
-1.499693
-1.496152
-1.49758
-1.494617
-1.426819
-1.488764
-1.477908
-1.49242
-1.501764
-1.49279
-1.491174
-1.50038
-1.491611
-1.492718
-1.488268
-1.404954
-1.47401
-1.4974
-1.46864
-1.496285
-1.492634
-1.497693
-1.45985
-1.499352
-1.522547
-1.409014
-1.488186
-1.490781
-1.495139
-1.363289
-1.489432
-1.494595
-1.499606
-1.49498
-1.497844
-1.488761
-1.440895
-1.490233
-1.489003
-1.489381
-1.499006
-1.499689
-1.497676
-1.460093
-1.49306
-1.497528
-1.471391
-1.506018
-1.495448
-1.499544
-1.477359
-1.480475
-1.49491
-1.48597
-1.496706
-1.495276
-1.49707
-1.500466
-1.499448
-1.495359
-1.49711
-1.493188
-1.434177
-1.466234
-1.501184
-1.501037
-1.497258
-1.485546
-1.498652
-1.493574
-1.491945
-1.488217
-1.489476
-1.494264
-1.450964
-1.428491
-1.446554
-1.499462
-1.494907
-1.498738
-1.497728
-1.487722
-1.484807
-1.493066
-1.500586
-1.49305
-1.481033
-1.496666
-1.491403
-1.429205
-1.501368
-1.439725
-1.442702
-1.49484
-1.501017
-1.408939
-1.496921
-1.461656
-1.46675
-1.490766
-1.50089
-1.484024
-1.495759
-1.504764
-1.497549
-1.487051
-1.474419
-1.483131
-1.501159
-1.497884
-1.483697
-1.492795
-1.501099
-1.502215
-1.493729
-1.428008
-1.495046
-1.421725
-1.46504
-1.498024
-1.488171
-1.490515
-1.48687
-1.498668
-1.503162
-1.489384
-1.494097
-1.498332
-1.47664
-1.499972
-1.478311
-1.386086
-1.438451
-1.426249
-1.498506
-1.473385
-1.490239
-1.483519
-1.497818
-1.493053
-1.503558
-1.489374
-1.501428
-1.485541
-1.346519
-1.487226
-1.460667
-1.491012
-1.49592
-1.437674
-1.463443
-1.501035
-1.493454
-1.499531
-1.479048
-1.511166
-1.50231
-1.494006
-1.404864
-1.497215
-1.494333
-1.492477
-1.497523
-1.477959
-1.499818
-1.498449
-1.498544
-1.498589
-1.502833
-1.493526
-1.492656
-1.495369
-1.460783
-1.472042
-1.50085
-1.496349
-1.459299
-1.489651
-1.49315
-1.484009
-1.474937
-1.489178
-1.494267
-1.486938
-1.484653
-1.496407
-1.496579
-1.496522
-1.487472
-1.499409
-1.485041
-1.462542
-1.493575
-1.49436
-1.330401
-1.499552
-1.493746
-1.496923
-1.491715
-1.463845
-1.496439
-1.498174
-1.501755
-1.477636
-1.501782
-1.494147
-1.452834
-1.473443
-1.494747
-1.499669
-1.472084
-1.498425
-1.494665
-1.477892
-1.467324
-1.495629
-1.497525
-1.494653
-1.430559
-1.484092
-1.497372
-1.500886
-1.47219
-1.498021
-1.49832
-1.497863
-1.501409
-1.464271
-1.476643
-1.500513
-1.478903
-1.500866
-1.497779
-1.499669
-1.498723
-1.503062
-1.482821
-1.44994
-1.494022
-1.398645
-1.499877
-1.466653
-1.497232
-1.494673
-1.496129
-1.47817
-1.495756
-1.501873
-1.500531
-1.492478
-1.498279
-1.496442
-1.495443
-1.496319
-1.499062
-1.496675
-1.497452
-1.498191
-1.497819
-1.478099
-1.501114
-1.499848
-1.49836
-1.487733
-1.499198
-1.482873
-1.498044
-1.48535
-1.49878
-1.424802
-1.493039
-1.49698
-1.493318
-1.386439
-1.4999
-1.499848
-1.492532
-1.501333
-1.493208
-1.492057
-1.492612
-1.488376
-1.498611
-1.499705
-1.490225
-1.496846
-1.494722
-1.465756
-1.197299
-1.491671
-1.478965
-1.501425
-1.491796
-1.47851
-1.487264
-1.498851
-1.481092
-1.494488
-1.497792
-1.492755
-1.490536
-1.492599
-1.500079
-1.487291
-1.495336
-1.498893
-1.475243
-1.501754
-1.498821
-1.497617
-1.496725
-1.500551
-1.400877
-1.49382
-1.394795
-1.492095
-1.472619
-1.497259
-1.495836
-1.436959
-1.496777
-1.485623
-1.490483
-1.495454
-1.490186
-1.459982
-1.47733
-1.49999
-1.496011
-1.469883
-1.483428
-1.497897
-1.493923
-1.244297
-1.488167
-1.501296
-1.472418
-1.496398
-1.496131
-1.454204
-1.494097
-1.496879
-1.489347
-1.496971
-1.49911
-1.498817
-1.49757
-1.495994
-1.492436
-1.493255
-1.381064
-1.49548
-1.487805
-1.502857
-1.499147
-1.480614
-1.524528
-1.469507
-1.461488
-1.398788
-1.461403
-1.465872
-1.495866
-1.500729
-1.497637
-1.491521
-1.495545
-1.496365
-1.204936
-1.496444
-1.485509
-1.499442
-1.411895
-1.507429
-1.488966
-1.500453
-1.493267
-1.506808
-1.50089
-1.494414
-1.500521
-1.497752
-1.496921
-1.484513
-1.364356
-1.498562
-1.489604
-1.489559
-1.498468
-1.497143
-1.500326
-1.493359
-1.486719
-1.49514
-1.486159
-1.501334
-1.494334
-1.495371
-1.493656
-1.497028
-1.467156
-1.49453
-1.491299
-1.488691
-1.503842
-1.498871
-1.499306
-1.440551
-1.494156
-1.498717
-1.500773
-1.500502
-1.475627
-1.487777
-1.503048
-1.486119
-1.485518
-1.485166
-1.490407
-1.493464
-1.499944
-1.499373
-1.494734
-1.45486
-1.499288
-1.471444
-1.506635
-1.485095
-1.476717
-1.500352
-1.487632
-1.41751
-1.313383
-1.496395
-1.500661
-1.498001
-1.490181
-1.487768
-1.432463
-1.4957
-1.491449
-1.502652
-1.490636
-1.496706
-1.49812
-1.449829
-1.497606
-1.496093
-1.424887
-1.498461
-1.498849
-1.465505
-1.443459
-1.478859
-1.492417
-1.498606
-1.497443
-1.487585
-1.383511
-1.50406
-1.499459
-1.466068
-1.496357
-1.482935
-1.491945
-1.499409
-1.496036
-1.497028
-1.495506
-1.45212
-1.498055
-1.492924
-1.496362
-1.494862
-1.473625
-1.476405
-1.499789
-1.490514
-1.496459
-1.488148
-1.495382
-1.478938
-1.492447
-1.500384
-1.461124
-1.495924
-1.493372
-1.494847
-1.498849
-1.49628
-1.466402
-1.499343
-1.499212
-1.493136
-1.490615
-1.496603
-1.489891
-1.497736
-1.495442
-1.480515
-1.490982
-1.48131
-1.49854
-1.489585
-1.497828
-1.500079
-1.495894
-1.485389
-1.495196
-1.495732
-1.417319
-1.479692
-1.496357
-1.444912
-1.200768
-1.496321
-1.49299
-1.49338
-1.432903
-1.495548
-1.498207
-1.500107
-1.498061
-1.497236
-1.492479
-1.499212
-1.476639
-1.497274
-1.470306
-1.47309
-1.502887
-1.495771
-1.474108
-1.483966
-1.501262
-1.500993
-1.499953
-1.496507
-1.499537
-1.489711
-1.497321
-1.496099
-1.492168
-1.492567
-1.498286
-1.499908
-1.487809
-1.484855
-1.422991
-1.284269
-1.469889
-1.499981
-1.498892
-1.443175
-1.499686
-1.496259
-1.40119
-1.499741
-1.504507
-1.465611
-1.436738
-1.467789
-1.481586
-1.494656
-1.500449
-1.500137
-1.50284
-1.518145
-1.49402
-1.463414
-1.494568
-1.486136
-1.495162
-1.482883
-1.480526
-1.484101
-1.496148
-1.476922
-1.488401
-1.492691
-1.491725
-1.485535
-1.494091
-1.497704
-1.497443
-1.500676
-1.501038
-1.481851
-1.487915
-1.501236
-1.498809
-1.473879
-1.49939
-1.493312
-1.489935
-1.469939
-1.48484
-1.497236
-1.497956
-1.493087
-1.488399
-1.493568
-1.495664
-1.496081
-1.486899
-1.345813
-1.459958
-1.487658
-1.432026
-1.496888
-1.489409
-1.482847
-1.422385
-1.371421
-1.496389
-1.483726
-1.490942
-1.49585
-1.495592
-1.490482
-1.440476
-1.497915
-1.483797
-1.496904
-1.498698
-1.503945
-1.497946
-1.501609
-1.495106
-1.407332
-1.485121
-1.499717
-1.490366
-1.450745
-1.500238
-1.436121
-1.49968
-1.493094
-1.499199
-1.496332
-1.491419
-1.496487
-1.48385
-1.504707
-1.494927
-1.497956
-1.490159
-1.498285
-1.502727
-1.17778
-1.423554
-1.494642
-1.437301
-1.470714
-1.440025
-1.481181
-1.496007
-1.495412
-1.477733
-1.454649
-1.4994
-1.460365
-1.498859
-1.438089
-1.488202
-1.486028
-1.406049
-1.493196
-1.49674
-1.479472
-1.501515
-1.482204
-1.496192
-1.497881
-1.482554
-1.485681
-1.499595
-1.486907
-1.500705
-1.494135
-1.494892
-1.500309
-1.432371
-1.433188
-1.499735
-1.49903
-1.4927
-1.487905
-1.496923
-1.339777
-1.496248
-1.526051
-1.462783
-1.4763
-1.481984
-1.499971
-1.501992
-1.499848
-1.488088
-1.48457
-1.479691
-1.498978
-1.499692
-1.498595
-1.500883
-1.471541
-1.497604
-1.23658
-1.498446
-1.434167
-1.491959
-1.497849
-1.493272
-1.495572
-1.497114
-1.496615
-1.497074
-1.494345
-1.493092
-1.497506
-1.49512
-1.486931
-1.495048
-1.498718
-1.496482
-1.485015
-1.495471
-1.49818
-1.497292
-1.482981
-1.497233
-1.472481
-1.476691
-1.488387
-1.461637
-1.501493
-1.490987
-1.500411
-1.370895
-1.373087
-1.496348
-1.492801
-1.493104
-1.500082
-1.479359
-1.499271
-1.500625
-1.49703
-1.421206
-1.494098
-1.496631
-1.499216
-1.441466
-1.498761
-1.478992
-1.484939
-1.500532
-1.492818
-1.499259
-1.466951
-1.500756
-1.445077
-1.484029
-1.493035
-1.488265
-1.496275
-1.494728
-1.497269
-1.429423
-1.496033
-1.496064
-1.466201
-1.498705
-1.499362
-1.497697
-1.500393
-1.500141
-1.496907
-1.494061
-1.518616
-1.477701
-1.490774
-1.506167
-1.455178
-1.498089
-1.494289
-1.498896
-1.49369
-1.49429
-1.489708
-1.495811
-1.501888
-1.389101
-1.49198
-1.496146
-1.496697
-1.499518
-1.498092
-1.481454
-1.49214
-1.488553
-1.493439
-1.491333
-1.498461
-1.493781
-1.497036
-1.500026
-1.497367
-1.489836
-1.494456
-1.469362
-1.495484
-1.478981
-1.48252
-1.485113
-1.476217
-1.432375
-1.49451
-1.490828
-1.497869
-1.480485
-1.483883
-1.495936
-1.498308
-1.478325
-1.491257
-1.501469
-1.49794
-1.430414
-1.499938
-1.489547
-1.496215
-1.49429
-1.494995
-1.497447
-1.49041
-1.47818
-1.380344
-1.437513
-1.470837
-1.474061
-1.492469
-1.465945
-1.492906
-1.498308
-1.497337
-1.474886
-1.496819
-1.468287
-1.499848
-1.428671
-1.496146
-1.485387
-1.492441
-1.503083
-1.362369
-1.495744
-1.478543
-1.478578
-1.429931
-1.495974
-1.396902
-0.416827
-1.499389
-1.453425
-1.500981
-1.423732
-1.50128
-1.465333
-1.498425
-1.496219
-1.489245
-1.477573
-1.498834
-1.33301
-1.49667
-1.499285
-1.495733
-1.496889
-1.496704
-1.496811
-1.452262
-1.495776
-1.44269
-1.48915
-1.493258
-1.495927
-1.499017
-1.49831
-1.498027
-1.498203
-1.39061
-1.467754
-1.468417
-1.483218
-1.49825
-1.429251
-1.495733
-1.503253
-1.508145
-1.483772
-1.496916
-1.498647
-1.493235
-1.495413
-1.406196
-1.497191
-1.493861
-1.459744
-1.481114
-1.50103
-1.473621
-1.493643
-1.456419
-1.511269
-1.497637
-1.462774
-1.497312
-1.494143
-1.487571
-1.497635
-1.487841
-1.499407
-1.489857
-1.493682
-1.498182
-1.471525
-1.496981
-1.494204
-1.493566
-1.494248
-1.462628
-1.498113
-1.492591
-1.499542
-1.496803
-1.496339
-1.504798
-1.498226
-1.497867
-1.483134
-1.487144
-1.490817
-1.421899
-1.498068
-1.499708
-1.474748
-1.490879
-1.474432
-1.496319
-1.499071
-1.498447
-1.497352
-1.500015
-1.499384
-1.481622
-1.493659
-1.49138
-1.448388
-1.496463
-1.46136
-1.495565
-1.500991
-1.49806
-1.498751
-1.503069
-1.442827
-1.435214
-1.505912
-1.344245
-1.493875
-1.492949
-1.495493
-1.461247
-1.479098
-1.494393
-1.493
-1.501848
-1.488136
-1.487289
-1.480848
-1.43057
-1.486527
-1.496323
-1.496843
-1.510597
-1.489233
-1.488785
-1.505742
-1.493022
-1.434166
-1.460901
-1.333954
-1.4928
-1.484667
-1.496175
-1.449622
-1.498311
-1.489771
-1.496304
-0.75698
-1.495015
-1.495464
-1.496685
-1.497853
-1.496994
-1.492002
-1.456175
-1.490431
-1.488837
-1.483683
-1.487012
-1.498069
-1.502608
-1.493734
-1.499875
-1.499611
-1.498315
-1.475591
-1.495457
-1.489245
-1.497593
-1.339332
-1.499669
-1.497245
-1.496084
-1.497958
-1.49635
-1.49975
-1.497775
-1.50029
-1.499244
-1.496149
-1.496129
-1.493962
-1.423626
-1.498975
-1.499013
-1.494787
-1.485239
-1.498081
-1.437332
-1.494219
-1.497312
-1.493328
-1.522681
-1.483987
-1.492779
-1.47902
-1.487771
-1.500186
-1.444261
-1.491613
-1.501333
-1.470943
-1.498145
-1.486775
-1.496612
-1.498023
-1.490637
-1.501166
-1.495743
-1.438861
-1.495403
-1.497629
-1.496884
-1.495959
-1.496449
-1.496104
-1.501993
-1.500527
-1.493979
-1.494465
-1.498521
-1.477043
-1.496923
-1.496242
-1.50072
-1.499041
-1.492914
-1.501596
-1.379189
-1.493779
-1.455046
-1.443646
-1.498704
-1.50268
-1.496916
-1.49943
-1.500543
-1.461344
-1.498654
-1.491798
-1.496528
-1.501353
-1.49219
-1.495198
-1.436908
-1.497098
-1.500487
-1.499168
-1.496558
-1.456134
0.291795
-1.469949
-1.501236
-1.499043
-1.430535
-1.498449
-1.499804
-1.440697
-1.497644
-1.491686
-1.494625
-1.500677
-1.484926
-1.500586
-1.491631
-1.498905
-1.496617
-1.496447
-1.420943
-1.498019
-1.499103
-1.484015
-1.494092
-1.480294
-1.492046
-1.49877
-1.495374
-1.495121
-1.491321
-1.495874
-1.498888
-1.46403
-1.485528
-1.484832
-1.403204
-1.405669
-1.088364
-1.490641
-1.423334
-1.446491
-1.486918
-1.403428
-1.496608
-1.309313
-1.398674
-1.395478
-1.496949
-1.499609
-1.494516
-1.500568
-1.408024
-1.499037
-1.495392
-1.493567
-1.500167
-1.453983
-1.497149
-1.492389
-1.495794
-1.480067
-1.499608
-1.499094
-1.494104
-1.496956
-1.494341
-1.495601
-1.452062
-1.442174
-1.467109
-1.495933
-1.497826
-1.480033
-1.500407
-1.493348
-1.495138
-1.497963
-1.497742
-1.496286
-1.497381
-1.453303
-1.492074
-1.490622
-1.380961
-1.476536
-1.499456
-1.491468
-1.508193
-1.491627
-1.493558
-1.498053
-1.503384
-1.490289
-1.478283
-1.497084
-1.488698
-1.497524
-1.491163
-1.496418
-1.484789
-1.500649
-1.491626
-1.49663
-1.49567
-1.49597
-1.498331
-1.494696
-1.483122
-1.501597
-1.480762
-1.500051
-1.499217
-1.499844
-1.489184
-1.500718
-1.494154
-1.499749
-1.492164
-1.489517
-1.502909
-1.500823
-1.491026
-1.495491
-1.497457
-1.501021
-1.498324
-1.475313
-1.468697
-1.489725
-1.491488
-1.491441
-1.487908
-1.486064
-1.500011
-1.495156
-1.500896
-1.464854
-1.500784
-1.486847
-1.446193
-1.486184
-1.490953
-1.495371
-1.492925
-1.495886
-1.36274
-1.492588
-1.492645
-1.497918
-1.491634
-1.497051
-1.497821
-1.496154
-1.494196
-1.502045
-1.49534
-1.478465
-1.501246
-1.431745
-1.460884
-1.450783
-1.504606
-1.497506
-1.49353
-1.441526
-1.500102
-1.496515
-1.472069
-1.487991
-1.498391
-1.498553
-1.483028
-1.464256
-1.500396
-1.501865
-1.498254
-1.497816
-1.392435
-1.496287
-1.495624
-1.493952
-1.501376
-1.500282
-1.502456
-1.416085
-1.482766
-1.437168
-1.496434
-1.429583
-0.357665
-1.501183
-1.476892
-1.49233
-1.449369
-1.495284
-1.489334
-1.429076
-1.498489
-1.140996
-1.481939
-1.49668
-1.486771
-1.447005
-1.404277
-1.486906
-1.500095
-1.411338
-1.494197
-1.493187
-1.49585
-1.44325
-1.473442
-1.485772
-1.499173
-1.432239
-1.488351
-1.495562
-1.455692
-1.471594
-1.492914
-1.499673
-1.399767
-1.479043
-1.458256
-1.489011
-1.482783
-1.490279
-1.49687
-1.49546
-1.494858
-1.386203
-1.493001
-1.478029
-1.499887
-1.497875
-1.496543
-1.42944
-1.51365
-1.495429
-1.476876
-1.496191
-1.453435
-1.386423
-1.498442
-1.484396
-1.492465
-1.496056
-1.497574
-1.494488
-1.497435
-1.498067
-1.474225
-1.494804
-1.49211
-1.489773
-1.500481
-1.499766
-1.495616
-1.498804
-1.497682
-1.488901
-1.362432
-1.492436
-1.499937
-1.490114
-1.496591
-1.398307
-1.497821
-1.499183
-1.49701
-1.486764
-1.500229
-1.498691
-1.497093
-1.496949
-1.496512
-1.465683
-1.49838
-1.47359
-1.49936
-1.452258
-1.499302
-1.476903
-1.488462
-1.470107
-1.497018
-1.482764
-1.435594
-1.504067
-1.416944
-1.496436
-1.481561
-1.498284
-1.438604
-1.48978
-1.492274
-1.498673
-1.402668
-1.494681
-1.486894
-1.467382
-1.496037
-1.49728
-1.501049
-1.357929
-1.483244
-1.497317
-1.494087
-1.469484
-1.431187
-1.465635
-1.495002
-1.500022
-1.49581
-1.497344
-1.452526
-1.476057
-1.500692
-1.490013
-1.498134
-1.498154
-1.498977
-1.466228
-1.503214
-1.474338
-1.37305
-1.482986
-1.44672
-1.501225
-1.478786
-1.449751
-1.501452
-1.485475
-1.499865
-1.494737
-1.498316
-1.499569
-1.420644
-1.491836
-1.384797
-1.497347
-1.449483
-1.492735
-1.480179
-1.499259
-1.500406
-1.443585
-1.492593
-1.488929
-1.446784
-1.497508
-1.501778
-1.499777
-1.497324
-1.493158
-1.496743
-1.496187
-1.48559
-1.497992
-1.335294
-1.494938
-1.495468
-1.425278
-1.500366
-1.493195
-1.495399
-1.496153
-1.497927
-1.497071
-1.49171
-1.465151
-1.492864
-1.500237
-1.493421
-1.495464
-1.496094
-1.499071
-1.498081
-1.4885
-1.49595
-1.499768
-1.498705
-1.48056
-1.497054
-1.340694
-1.498122
-1.503566
-1.508758
-1.454923
-1.495685
-1.490918
-1.501868
-1.468524
-1.487623
-1.492861
-1.496915
-1.490069
-1.47478
-1.49842
-1.494588
-1.497172
-1.496289
-1.498307
-1.497148
-1.473917
-1.496563
-1.488227
-1.496354
-1.497087
-1.494469
-1.492996
-1.474012
-1.497566
-1.404618
-1.493058
-1.497616
-1.473292
-1.4954
-1.497409
-1.491049
-1.495521
-1.496705
-1.471925
-1.499315
-1.487296
-1.497957
-1.446904
-1.439327
-1.499951
-1.491986
-1.414549
-1.468936
-1.491566
-1.496836
-1.498834
-1.499983
-1.495654
-1.500053
-1.470044
-1.497784
-1.489283
-1.49812
-1.414227
-1.480156
-1.493749
-1.487391
-1.499232
-1.499348
-1.444277
-1.501668
-1.50047
-1.479538
-1.484029
-1.488018
-1.483966
-1.496861
-1.497569
-1.446272
-1.497281
-1.376898
-1.486659
-1.436391
-1.494121
-1.474915
-1.487639
-1.514431
-1.489528
-1.501775
-1.494485
-1.497265
-1.495358
-1.498029
-1.496879
-1.502642
-1.497902
-1.495918
-1.49754
-1.498956
-1.484079
-1.459979
-1.408774
-1.494503
-1.492712
-1.497425
-1.476464
-1.498012
-1.495146
-1.482875
-1.492326
-1.498322
-1.431577
-1.485956
-1.498072
-1.48701
-1.467098
-1.484715
-1.45781
-1.518188
-1.499181
-1.456951
-1.501
-1.50175
-1.471472
-1.442059
-1.499027
-1.441801
-1.497181
-1.497194
-1.498628
-1.094097
-1.485724
-1.501218
-1.463518
-1.462316
-1.499191
-1.498075
-1.496126
-1.499115
-1.497965
-1.462129
-1.49985
-1.492593
-1.485901
-1.499029
-1.489014
-1.477336
-1.479119
-1.491368
-1.498334
-1.501724
-1.498691
-1.497404
-1.491138
-1.498212
-1.498126
-1.493356
-1.452093
-1.497228
-1.479697
-1.493575
-1.498388
-1.4879
-1.498403
-1.468599
-1.378154
-1.499479
-1.495427
-1.476095
-1.494509
-1.497748
-1.498776
-1.48513
-1.495635
-1.509279
-1.499093
-1.496396
-1.496262
-1.489486
-1.495969
-1.49234
-1.474273
-1.493604
-1.497219
-1.496528
-1.498944
-1.460635
-1.495866
-1.495374
-1.41879
-1.500119
-1.499243
-1.501112
-1.46363
-1.494327
-1.49645
-1.498903
-1.495956
-1.484625
-1.480275
-1.47863
-1.499397
-1.501273
-1.491438
-1.492345
-1.497784
-1.498056
-1.490677
-1.494574
-1.493512
-1.49496
-1.440326
-1.498802
-1.338899
-1.435464
-1.492057
-1.499868
-1.497113
-1.495944
-1.473416
-1.445434
-1.488354
-1.500284
-1.499971
-1.497438
-1.497243
-1.466254
-1.429901
-1.501694
-1.47847
-1.493672
-1.492683
-1.495025
-1.499751
-1.499912
-1.480331
-1.424358
-1.258732
-1.497318
-1.482788
-1.496492
-1.438863
-1.502104
-1.496233
-1.493313
-1.500262
-1.496097
-1.485224
-1.500323
-1.456233
-1.4038
-1.493293
-1.494182
-1.500561
-1.492215
-1.461027
-1.415857
-1.497133
-1.501614
-1.486601
-1.432143
-1.451051
-1.412085
-1.496557
-1.48022
-1.49755
-1.477342
-1.495377
-1.497295
-1.466557
-1.496768
-1.497847
-1.495263
-1.492665
-1.496222
-1.489886
-1.484941
-1.496468
-1.490444
-1.49595
-1.494583
-1.496944
-1.455842
-1.010587
-1.495739
-1.498408
-1.499365
-1.492393
-1.496736
-1.493195
-1.49614
-1.500492
-1.497256
-1.500417
-1.484779
-1.488696
-1.499209
-1.491206
-1.496141
-1.491533
-1.413219
-1.496989
-1.493972
-1.494371
-1.47447
-1.496751
-1.49431
-1.374951
-1.494876
-1.501018
-1.489143
-1.497855
-1.497773
-1.422918
-1.493803
-1.493098
-1.497737
-1.47375
-1.498735
-1.49596
-1.500439
-1.499698
-1.498953
-1.497893
-1.496748
-1.492162
-1.478774
-1.498673
-1.465645
-1.493677
-1.486527
-1.420242
-1.422592
-1.487956
-1.496047
-1.498821
-1.264142
-1.494937
-1.497061
-1.485777
-1.502128
-1.410811
-1.495663
-1.489936
-1.491401
-1.495966
-1.478238
-1.498525
-1.473054
-1.500133
-1.487117
-1.499002
-1.451313
-1.490833
-1.478062
-1.481434
-1.477949
-1.492741
-1.496887
-1.491484
-1.494106
-1.47663
-1.274504
-1.498929
-1.494982
-1.454726
-1.494695
-1.49916
-1.481605
-1.487836
-1.469294
-1.498702
-1.491619
-1.49584
-1.484363
-1.499312
-1.502454
-1.477303
-1.495047
-1.495499
-1.495593
-1.417777
-1.448974
-1.497499
-1.435996
-1.463789
-1.497213
-1.497891
-1.49652
-1.498465
-1.494431
-1.498728
-1.451216
-1.49652
-1.490441
-1.494316
-1.457754
-1.497098
-1.500764
-1.492476
-1.499128
-1.494167
-1.496978
-1.49558
-1.49008
-1.472248
-1.497391
-1.454253
-1.496136
-1.481997
-1.511977
-1.496092
-1.493597
-1.495179
-1.499455
-1.502043
-1.426046
-1.471882
-1.480669
-1.490236
-1.496232
-1.495924
-1.501934
-1.434582
-1.498618
-1.482565
-1.49456
-1.343657
-1.49384
-1.434258
-1.485815
-1.494196
-1.463031
-1.272862
-1.434512
-1.430912
-1.497517
-1.444261
-1.492314
-1.493927
-1.467704
-1.345869
-1.482985
-1.500882
-1.494697
-1.482494
-1.49699
-1.495663
-1.497664
-1.226287
-1.453502
-1.488891
-1.496044
-1.489764
-1.506488
-1.495507
-1.494721
-1.496424
-1.497724
-1.493299
-1.492217
-1.500691
-1.45787
-1.489171
-1.495888
-1.490394
-1.483857
-1.46163
-1.495549
-1.494409
-1.486268
-1.468998
-1.495871
-1.497988
-1.420781
-1.495455
-1.500088
-1.50196
-1.499478
-1.501653
-1.488424
-1.500271
-1.501122
-1.489867
-1.491118
-1.468569
-1.499132
-1.498321
-1.490915
-1.499998
-1.485095
-1.37273
-1.494716
-1.402618
-1.473095
-1.49539
-1.497938
-1.458629
0.677928
-1.497453
-1.49784
-1.49802
-1.495193
-1.484431
-1.4943
-1.42994
-1.480849
-1.498547
-1.477166
-1.499978
-1.50381
-1.497016
-1.460838
-1.505454
-1.485762
-1.482471
-1.488817
-1.498081
-1.481835
-1.395224
-1.39903
-1.420622
-1.496045
-1.496907
-1.499441
-1.497805
-1.49552
-1.47339
-1.495858
-1.484503
-1.494803
-1.500353
-1.491324
-1.151951
-1.469624
-1.462401
-1.404941
-1.41251
-1.498513
-1.493006
-1.474212
-1.496248
-1.406194
-1.500233
-1.498793
-1.495672
-1.480444
-1.497667
-1.496906
-1.458678
-1.483839
-1.501757
-1.396262
-1.492991
-1.449844
-1.496694
-1.472118
-1.495508
-1.491382
-1.475542
-1.425888
-1.485203
-1.494771
-1.498952
-1.492649
-1.497268
-1.48178
-1.458288
-1.406473
-1.498578
-1.499476
-1.497551
-1.499545
-1.49706
-1.50115
-1.497856
-1.496645
-1.504208
-1.472469
-1.498557
-1.492405
-1.496053
-1.496602
-1.500172
-1.496707
-1.42902
-1.469294
-1.497779
-1.493141
-1.455466
-1.501469
-1.462744
-1.471944
-1.491062
-1.479186
-1.482807
-1.499365
-1.498073
-1.500681
-1.465879
-1.499029
-1.494869
-1.494292
-1.497034
-1.490997
-1.490045
-1.500963
-1.50043
-1.495696
-1.429864
-1.501596
-1.495658
-1.474974
-1.497453
-1.498326
-1.498362
-1.491965
-1.50175
-1.498369
-1.482754
-1.494939
-1.49823
-1.496682
-1.493668
-1.495005
-1.496946
-1.433286
-1.496753
-1.483122
-1.501452
-1.502134
-1.49188
-1.457146
-1.457332
-1.498332
-1.49391
-1.498135
-1.49632
-1.494408
-1.490275
-1.374832
-1.544377
-1.46024
-1.485449
-1.494762
-1.497462
-1.430769
-1.497973
-1.490185
-1.51589
-1.499921
-1.49919
-1.497422
-1.501288
-1.494223
-1.42426
-1.491581
-1.497933
-1.480208
-1.495179
-1.498642
-1.49774
-1.501226
-1.500533
-1.498771
-1.464896
-1.488904
-1.495927
-1.491783
-1.433328
-1.49142
-1.402984
-1.499847
-1.499534
-1.486247
-1.499085
-1.500766
-1.486224
-1.428602
-1.414259
-1.473479
-1.495018
-1.49675
-1.495584
-1.500454
-1.487701
-1.500827
-1.497345
-1.470659
-1.499101
-1.500605
-1.496484
-1.498609
-1.498068
-1.508754
-1.49258
-1.464085
-1.49867
-1.498921
-1.494818
-1.491842
-1.50017
-1.496793
-1.448612
-1.487239
-1.418363
-1.495113
-1.495727
-1.492885
-1.498958
-1.500295
-1.493405
-1.496265
-1.49709
-1.469242
-1.464804
-1.416368
-1.418434
-1.479288
-1.494849
-1.501854
-1.499346
-1.468198
-1.498311
-1.494054
-1.498974
-1.490884
-1.491683
-1.498279
-1.496861
-1.480379
-1.494037
-1.497231
-1.494797
-1.498839
-1.499695
-1.47984
-1.379446
-1.494917
-1.467541
-1.478591
-1.494591
-1.496067
-1.488469
-1.491335
-1.470156
-1.496717
-1.498372
-1.501566
-1.499661
-1.297376
-1.485134
-1.497442
-1.501762
-1.495316
-1.501004
-1.498608
-1.495215
-1.500926
-1.475108
-1.49617
-1.469146
-1.482985
-1.46187
-1.494814
-1.496747
-1.4973
-1.490006
-1.496969
-1.488589
-1.497868
-1.496364
-1.492206
-1.497058
-1.458131
-1.446206
-1.493822
-1.498053
-1.496603
-1.498729
-1.499571
-1.49745
-1.496444
-1.500516
-1.49961
-1.495152
-1.498993
-1.454001
-1.498493
-1.497661
-1.496917
-1.498834
-1.347878
-1.496561
-1.496291
-1.425428
-1.486508
-1.475484
-1.49634
-1.491678
-1.493993
-1.470846
-1.495369
-1.482561
-1.475061
-1.497259
-1.486032
-1.495996
-1.491946
-1.500022
-1.419901
-1.500508
-1.495889
-1.498255
-1.500931
-1.519975
-1.496145
-1.540033
-1.494219
-1.490176
-1.487344
-1.495725
-1.49746
-1.496413
-1.498912
-1.499303
-1.475429
-1.498381
-1.495974
-1.49849
-1.497294
-1.496474
-1.500972
-1.496666
-1.482117
-1.429459
-1.470629
-1.500287
-1.493969
-1.497649
-1.498958
-1.49971
-1.457327
-1.492082
-1.498329
-1.496264
-1.498966
-1.497869
-1.416976
-1.499101
-1.498876
-1.494473
-1.496661
-1.497748
-1.44539
-1.494959
-1.463071
-1.498824
-1.492385
-1.491758
-1.501757
-1.498407
-1.392282
-1.4362
-1.495322
-1.492782
-1.489112
-1.431092
-1.301802
-1.495678
-1.49036
-1.486887
-1.500239
-1.489861
-1.500337
-1.48096
-1.501916
-1.497021
-1.487341
-1.499878
-1.48031
-1.499405
-1.295234
-1.492123
-1.501528
-1.497753
-1.495481
-1.488131
-1.49794
-1.475357
-1.459715
-1.47617
-1.494718
-1.497305
-1.496226
-1.498399
-1.497922
-1.490878
-1.487099
-1.493402
-1.496403
-1.494438
-1.49299
-1.477892
-1.49666
-1.497369
-1.500628
-1.498288
-1.485195
-1.500464
-1.486435
-1.499276
-1.496816
-1.502398
-1.437636
-1.493127
-1.50092
-1.488447
-1.496346
-1.498638
-1.49417
-1.497534
-1.496919
-1.416242
-1.381656
-1.497074
-1.49052
-1.495046
-1.487796
-1.47943
-1.498145
-1.497472
-1.485817
-1.495435
-1.50032
-1.463046
-1.482946
-1.471482
-1.468983
-1.500034
-1.495632
-1.497477
-1.500472
-1.500294
-1.459181
-1.496101
-1.49633
-1.442806
-1.495508
-1.498524
-1.491801
-1.463538
-1.50007
-1.497274
-1.493624
-1.492517
-1.497749
-1.431628
-1.440406
-1.49946
-1.466442
-1.499032
-1.493979
-1.490176
-1.463708
-1.498194
-1.497588
-1.498904
-1.537236
-1.486987
-1.341357
-1.493969
-1.48443
-1.489446
-1.499025
-1.467429
-1.497696
-1.496486
-1.492265
-1.493417
-1.351622
-1.501555
-1.498408
-1.436619
-1.497191
-1.494509
-1.499105
-1.47405
-1.497257
-1.47522
-1.45853
-1.498655
-1.497371
-1.496658
-1.487372
-1.480346
-1.497913
-1.488716
-1.49596
-1.492496
-1.49578
-1.498401
-1.500806
-1.488386
-1.500422
-1.494958
-1.497795
-1.472593
-1.497527
-1.504696
-1.454387
-1.494708
-1.499911
-1.498545
-1.451074
-1.478577
-1.433316
-1.490351
-1.492254
-1.451714
-1.497173
-1.456534
-1.496484
-1.487826
-1.503271
-1.499486
-1.497544
-1.483431
-1.480104
-1.498302
-1.499163
-1.485273
-1.479171
-1.497519
-1.500441
-1.493754
-1.500967
-1.496932
-1.496419
-1.403387
-1.458317
-1.494608
-1.495076
-1.499162
-1.497918
-1.497463
-1.499399
-1.498066
-1.501125
-1.477882
-1.493303
-1.497959
-1.423509
-1.353117
-1.493783
-1.500362
-1.50151
-1.499964
-1.451262
-1.497252
-1.495809
-1.499083
-1.48453
-1.486193
-1.490327
-1.446114
-1.496057
-1.490698
-1.467159
-1.449956
-1.492366
-1.530497
-1.489278
-1.498071
-1.496918
-1.501509
-1.48282
-1.495268
-1.495105
-1.481876
-1.493334
-1.498756
-1.497406
-1.492026
-1.510263
-1.482315
-1.499156
-1.498021
-1.498884
-1.460458
-1.495436
-1.497048
-1.496477
-1.499847
-1.483046
-1.49976
-1.495891
-1.452009
-1.492472
-1.499052
-1.493436
-1.497578
-1.498337
-1.497575
-1.478806
-1.498692
-1.497618
-1.426587
-1.496225
-1.493726
-1.488042
-1.496799
-1.399178
-1.486188
-1.494342
-1.496633
-1.494865
-1.500154
-1.500271
-1.498671
-1.496275
-1.496732
-1.487026
-1.487238
-1.494577
-1.448291
-1.459873
-1.500161
-1.494383
-1.501998
-1.508401
-1.496918
-1.49302
-1.495126
-1.494851
-1.491118
-1.498682
-1.500352
-1.425138
-1.496233
-1.499301
-1.42713
-1.4282
-1.499702
-1.501763
-1.490165
-1.483706
-1.495352
-1.493955
-1.49743
-1.495836
-1.49076
-1.452767
-1.48344
-1.496814
-1.497241
-1.496272
-1.493955
-1.425085
-1.501451
-1.463242
-1.499546
-1.493361
-1.497333
-1.490619
-1.50284
-1.39612
-1.4988
-1.4966
-1.495932
-1.492271
-1.494431
-1.496483
-1.496523
-1.498532
-1.486303
-1.464009
-1.497101
-1.426913
-1.441468
-1.502072
-1.462635
-1.474783
-1.493846
-1.489057
-1.455499
-1.374015
-1.489968
-1.469882
-1.494535
-1.49734
-1.500262
-1.49169
-1.500612
-1.494211
-1.472525
-1.499157
-1.489489
-1.496195
-1.496888
-1.481572
-1.485685
-1.495586
-1.475004
-1.497116
-1.496773
-1.497617
-1.50956
-1.42958
-1.49463
-1.451068
-1.488115
-1.49282
-1.496325
-1.489801
-1.495227
-1.492538
-1.492331
-1.494888
-1.493797
-1.49906
-1.497607
-1.493399
-1.495952
-1.495946
-1.336647
-1.544488
-1.492622
-1.499377
-1.497241
-1.500823
-1.471436
-1.477589
-1.498879
-1.479385
-1.477467
-1.473705
-1.474503
-1.496558
-1.493112
-1.494513
-1.474534
-1.497404
-1.496804
-1.491523
-1.495437
-1.496472
-1.494783
-1.494642
-1.423372
-1.469525
-1.475674
-1.50005
-1.404373
-1.499789
-1.497815
-1.495832
-1.499267
-1.495107
-1.486674
-1.49737
-1.495793
-1.497898
-1.499488
-1.499287
-1.493749
-1.499452
-1.498389
-1.494022
-1.3712
-1.435506
-1.38033
-1.49697
-1.493777
-1.492887
-1.492174
-1.499507
-1.493883
-1.492958
-1.49599
-1.496916
-1.501193
-1.481222
-1.459824
-1.494222
-1.117245
-1.441657
-1.497383
-1.486569
-1.472573
-1.452587
-1.453022
-1.489976
-1.490034
-1.487964
-1.507533
-1.489572
-1.494661
-1.497993
-1.478733
-1.49298
-1.459854
-1.485703
-1.50063
-1.495771
-1.49485
-1.494352
-1.494379
-1.439997
-1.499857
-1.495383
-1.500576
-1.49571
-1.499339
-1.483146
-1.500262
-1.387762
-1.446581
-1.460236
-1.453956
-1.422765
-1.490461
-1.498103
-1.48162
-1.488079
-1.500127
-1.499141
-1.498093
-1.499166
-1.356264
-1.493582
-1.462969
-1.492972
-1.496704
-1.49576
-1.50942
-1.498592
-1.498534
-1.495397
-1.470532
-1.490926
-1.48619
-1.497783
-1.453408
-1.498713
-1.498652
-1.497104
-1.500203
-1.496466
-1.498746
-1.497668
-1.497599
-1.499782
-1.501968
-1.498726
-1.499214
-1.487504
-1.424553
-1.317066
-1.498816
-1.493152
-1.492117
-1.496917
-1.500603
-1.480187
-1.496837
-1.50263
-1.492698
-1.44814
-1.497851
-1.443821
-1.499415
-1.496946
-1.491118
-1.501253
-1.46589
-1.520253
-1.484635
-1.472073
-1.4931
-1.494074
-1.489294
-1.494032
-1.426017
-1.490875
-1.486039
-1.491616
-1.42934
-1.49629
-1.496222
-1.480468
-1.494193
-1.493827
-1.485026
-1.497889
-1.499869
-1.494599
-1.499679
-1.494391
-0.371412
-1.496197
-1.496227
-1.498524
-1.467113
-1.499096
-1.488078
-1.499577
-1.499009
-1.499209
-1.497517
-1.498215
-1.491931
-1.476578
-1.497973
-1.496032
-1.497676
-1.485633
-1.494908
-1.456465
-1.497431
-1.493069
-1.495107
-1.491533
-1.420146
-1.451843
-1.498878
-1.466258
-1.493287
-1.493915
-1.491776
-1.430169
-1.500697
-1.495994
-1.496713
-1.49779
-1.495204
-1.497741
-1.499117
-1.470756
-1.230313
-1.488928
-1.454414
-1.496042
-1.404251
-1.488884
-1.419226
-1.459708
-1.501704
-1.497907
-1.492612
-1.499288
-1.486791
-1.496159
-1.497099
-1.497415
-1.49634
-1.488045
-1.499602
-1.496256
-1.497965
-1.428282
-1.499401
-1.497392
-1.490565
-1.497945
-1.489085
-1.3115
-1.487723
-1.489973
-1.499251
-1.431003
-1.490027
-1.497386
-1.475507
-1.497782
-1.4688
-1.498221
-1.495648
-1.484005
-1.49763
-1.269715
-1.499338
-1.494909
-1.492448
-1.49789
-1.433278
-1.496322
-1.404523
-1.495545
-1.488803
-1.491071
-1.499336
-1.485096
-1.497599
-1.49881
-1.332216
-1.334945
-1.496464
-1.497953
-1.501267
-1.496415
-1.497872
-1.489418
-1.504108
-1.468625
-1.492751
-1.497837
-1.428319
-1.496213
-1.500694
-1.499436
-1.501264
-1.501611
-1.477292
-1.4668
-1.49932
-1.47085
-1.436366
-1.490423
-1.497722
-1.474246
-1.454178
-1.496631
-1.501216
-1.495067
-1.43127
-1.501936
-1.499565
-1.497297
-1.491344
-1.492068
-1.49896
-1.496484
-1.476177
-1.480006
-1.492904
-1.499927
-1.496674
-1.496848
-1.490037
-1.498834
-1.498077
-1.50023
-1.491041
-1.498694
-1.498556
-1.498532
-1.498027
-1.499527
-1.49941
-1.402486
-1.496971
-1.456386
-1.49382
-1.482468
-1.488066
-1.485367
-1.495438
-1.493501
-1.486866
-1.500592
-1.449032
-1.484722
-1.49366
-1.502232
-1.490756
-0.80956
-1.497311
-1.499183
-1.449073
-1.457903
-1.485036
-1.510824
-1.521798
-1.380146
-1.490462
-1.431858
-1.491159
-1.491792
-1.501096
-1.497896
-1.498763
-1.480464
-1.498458
-1.497897
-1.493698
-1.500061
-1.499441
-1.4622
-1.447188
-1.490394
-1.405793
-1.425897
-1.496246
-1.481314
-1.494086
-1.5012
-1.496978
-1.493269
-1.465083
-1.410102
-1.499367
-1.488198
-1.364924
-1.438501
-1.498124
-1.493104
-1.500237
-1.456607
-1.495563
-1.427013
-1.487979
-1.498055
-1.449435
-1.498887
-1.488378
-1.497579
-1.494546
-1.500164
-1.479722
-1.495795
-1.495384
-1.488447
-1.496327
-1.501539
-1.49436
-1.421671
-1.489378
-1.484277
-1.498002
-1.495566
-1.483771
-1.485063
-1.497887
-1.495463
-1.482794
-1.430491
-1.497333
-1.424454
-1.474925
-1.501312
-1.416822
-1.497601
-1.491203
-1.493855
-1.482527
-1.389946
-1.479765
-1.495203
-1.496956
-1.493131
-1.493845
-1.500438
-1.49874
-1.499015
-1.500485
-1.494269
-1.496578
-1.497396
-1.492173
-1.490129
-1.497613
-1.501917
-1.496034
-1.492707
-1.501012
-1.499741
-1.499431
-1.496405
-1.319937
-1.499573
-1.489349
-1.498429
-1.501289
-1.499347
-1.499555
-1.495832
-1.376017
-1.404043
-1.499047
-1.494176
-1.367424
-1.47709
-1.500705
-1.484442
-1.455461
-1.419062
-1.492277
-1.498292
-1.466834
-1.4965
-1.495345
-1.495201
-1.49933
-1.492622
-1.500402
-1.495029
-1.495536
-1.44315
-1.49408
-1.499704
-1.378498
-1.495063
-1.486185
-1.495222
-1.489193
-1.500678
-1.4795
-1.124627
-1.499884
-1.486546
-1.493822
-1.492806
-1.482335
-1.499855
-1.496491
-1.520847
-1.497894
-1.497761
-1.497594
-1.503151
-1.496479
-1.499196
-1.492974
-1.496118
-1.48928
-1.49986
-1.486081
-1.500775
-1.490873
-1.503883
-1.419948
-1.413493
-1.497052
-1.499409
-1.491446
-1.483043
-1.236752
-1.499496
-1.48716
-1.456903
-1.50096
-1.489558
-1.502016
-1.50293
-1.49785
-1.502471
-1.500432
-1.495796
-1.484847
-1.497819
-1.501419
-1.527129
-1.478622
-1.476999
-1.498851
-1.391801
-1.500827
-1.495139
-1.467237
-1.500302
-1.442377
-1.500963
-1.493956
-1.50201
-1.485012
-1.486792
-1.432363
-1.500192
-1.492754
-1.495625
-1.498579
-1.473871
-1.463205
-1.477753
-1.497287
-1.49886
-1.494382
-1.504883
-1.497889
-1.495315
-1.497047
-1.49202
-0.184747
-1.493212
-1.498737
-1.49379
-1.493217
-1.492479
-1.476408
-1.500497
-1.497743
-1.488295
-1.496848
-1.480903
-1.489292
-1.493086
-1.49799
-1.494906
-1.496704
-1.494102
-1.496055
-1.48133
-1.494785
-1.489988
-1.49338
-1.499889
-1.472157
-1.318131
-1.495767
-1.495494
-1.496594
-1.418121
-1.485935
-1.483196
-1.432601
-1.48851
-1.491711
-1.497142
-1.490969
-1.492415
-1.501338
-1.500405
-1.477487
-1.498753
-1.498546
-1.479311
-1.498486
-1.498826
-1.495171
-1.500734
-1.495355
-1.486209
-1.478116
-1.498229
-1.498413
-1.471435
-1.498432
-1.499293
-1.499458
-1.45223
-1.49639
-1.492593
-1.478518
-1.500446
-1.438458
-1.503164
-1.493493
-1.463243
-1.498242
-1.487172
-1.496551
-1.501972
-1.409434
-1.470868
-1.479288
-1.499175
-1.497448
-1.415402
-1.498102
-1.495221
-1.496501
-1.498758
-1.493427
-1.386174
-1.495225
-1.449528
-1.492568
-1.496961
-1.496979
-1.415903
-1.499188
-1.493929
-1.496284
-1.497403
-1.464475
-1.501093
-1.48537
-1.421709
-1.4955
-1.50023
-1.496761
-1.498633
-1.426666
-1.494918
-1.496565
-1.495882
-1.495523
-1.485333
-1.469749
-1.487728
-1.492998
-1.498368
-1.488545
-1.479463
-1.478112
-1.49438
-1.493826
-1.497805
-1.475613
-1.50183
-1.487268
-1.516352
-1.489698
-1.500008
-1.496144
-1.489786
-1.499788
-1.499859
-1.44167
-1.428348
-1.495657
-1.488712
-1.500966
-1.48504
-1.491864
-1.454923
-1.475143
-1.468741
-1.499128
-1.489218
-1.49895
-1.495757
-1.494062
-1.489911
-1.493673
-1.500323
-1.483845
-1.498513
-1.500529
-1.497336
-1.493161
-1.490104
-1.500143
-1.497074
-1.498317
-1.494921
-1.454771
-1.49886
-1.500332
-1.498381
-1.487644
-1.498617
-1.493802
-1.500053
-1.476835
-1.498286
-1.498924
-1.498095
-1.498558
-1.491559
-1.501498
-1.488209
-1.500236
-1.498366
-1.475465
-1.381867
-1.48436
-1.493261
-1.486566
-1.49222
-1.490561
-1.496043
-1.509541
-1.51178
-1.492025
-1.49032
-1.493671
-1.496105
-1.427811
-1.499636
-1.496517
-1.494677
-1.487613
-1.463909
-1.500221
-1.499457
-1.498635
-1.494501
-1.466294
-1.498762
-1.50084
-1.494273
-1.492269
-1.498381
-1.483411
-1.493538
-1.497662
-1.495764
-1.499896
-1.498225
-1.485579
-1.494617
-1.409799
-1.492581
-1.4722
-1.464872
-1.49408
-1.456941
-1.458608
-1.499525
-1.483049
-1.461435
-1.449212
-1.496662
-1.521614
-1.498029
-1.497074
-1.495059
-1.499096
-1.493055
-1.497331
-1.496598
-1.419996
-1.494355
-1.44718
-1.488325
-1.497764
-1.495085
-1.385162
-1.431491
-1.494695
-1.49434
-1.49442
-1.482408
-1.49455
-1.489848
-1.497476
-1.430763
-1.487743
-1.475793
-1.465039
-1.494155
-1.442532
-1.500332
-1.495666
-1.495606
-1.498874
-1.495199
-1.50651
-1.487603
-1.489331
-1.494055
-1.495379
-1.514711
-1.496107
-1.476059
-1.361575
-1.496815
-1.504072
-1.492349
-1.485901
-1.477224
-1.49727
-1.497883
-1.491153
-1.498985
-1.493889
-1.494773
-1.484483
-1.478511
-1.495457
-1.474753
-1.496899
-1.475828
-1.490199
-1.498741
-1.496243
-1.490952
-1.498142
-1.492562
-1.495789
-1.478265
-1.498647
-1.489583
-1.489753
-1.494545
-1.49799
-1.469497
-1.389211
-1.512777
-1.428674
-1.484401
-1.492233
-1.500972
-1.438335
-1.399885
-1.497202
-1.490527
-1.46221
-1.49778
-1.497529
-1.489303
-1.368717
-1.497866
-1.499356
-1.499361
-1.492284
-1.498818
-1.485123
-1.500371
-1.495443
-1.492701
-1.397635
-1.497525
-1.467776
-1.497323
-1.489888
-1.49922
-1.498643
-1.498154
-1.495475
-1.493877
-1.492738
-1.496432
-1.462464
-1.491843
-1.446644
-1.49569
-1.478656
-1.49076
-1.498192
-1.501847
-1.422865
-1.50194
-1.494939
-1.500071
-1.487047
-1.447283
-1.500613
-1.501725
-1.487727
-1.491896
-1.500605
-1.49723
-1.478764
-1.468943
-1.494474
-1.49876
-1.497585
-1.493133
-1.40507
-1.491828
-1.489458
-1.497721
-1.499147
-1.499662
-1.461852
-1.498694
-1.495959
-1.365051
-1.448041
-1.494547
-1.496805
-1.497859
-1.497212
-1.482893
-1.497372
-1.36902
-1.487826
-1.465035
-1.502745
-1.486612
-1.494841
-1.393217
-1.497311
-1.488628
-1.495214
-1.477073
-1.498179
-1.475005
-1.497404
-1.496312
-1.400389
-1.493678
-1.471614
-1.493367
-1.494034
-1.501319
-1.497368
-1.44308
-1.499212
-1.473193
-1.493494
-1.495729
-1.41207
-1.498858
-1.499031
-1.490218
-1.492159
-1.497302
-1.501111
-1.491365
-1.479748
-1.494319
-1.501912
-1.49899
-1.41566
-1.504951
-1.494842
-1.494719
-1.415629
-1.421803
-1.499074
-1.498202
-1.387484
-1.492317
-1.498463
-1.499412
-1.502281
-1.498161
-1.487193
-1.495132
-1.492984
-1.494215
-1.497988
-1.499099
-1.49631
-1.468162
-1.473307
-1.495739
-1.498559
-1.496428
-1.499556
-1.500247
-1.494896
-1.477012
-1.500434
-1.499462
-1.479586
-1.499688
-1.494738
-1.494023
-1.499274
-1.497987
-1.485692
-1.492561
-1.494959
-1.498636
-1.500696
-1.491923
-1.495569
-1.500766
-1.486717
-1.484757
-1.4987
-1.500956
-1.471359
-1.498959
-1.494822
-1.502893
-1.494847
-1.502414
-1.499414
-1.493277
-1.499486
-1.496882
-1.495634
-1.404273
-1.490773
-1.4787
-1.530901
-1.491482
-1.497701
-1.44574
-1.47104
-1.461028
-1.478094
-1.417147
-1.488368
-1.430399
-1.496649
-1.495767
-1.419065
-1.499881
-1.446342
-1.333032
-1.491955
-1.49337
-1.362378
-1.497032
-1.500375
-1.493658
-1.496535
-1.418388
-1.493901
-1.49296
-1.501983
-1.467602
-1.49827
-1.499952
-1.496587
-1.413062
-1.490455
-1.490579
-1.484712
-1.493542
-1.470663
-1.36554
-1.497828
-1.490625
-1.495174
-1.49492
-1.425635
-1.492558
-1.492269
-1.455045
-1.502423
-1.501683
-1.495817
-1.497324
-1.496033
-1.387676
-1.497726
-1.480034
-1.485281
-1.477589
-1.500383
-1.499138
-1.497317
-1.499152
-1.499536
-1.42059
-1.468493
-1.432739
-1.500929
-1.489682
-1.495263
-1.499151
-1.495722
-1.473941
-1.495908
-1.497165
-1.418755
-1.491622
-1.497604
-1.497503
-1.503303
-1.500776
-1.468105
-1.496779
-1.502036
-1.47133
-1.495536
-1.501804
-1.500147
-1.498679
-1.497116
-1.493163
-1.487462
-1.483335
-1.492682
-1.502444
-1.362798
-1.49881
-1.496617
-1.503321
-1.498718
-1.499547
-1.509212
-1.497483
-1.493804
-1.495063
-1.49283
-1.498187
-1.483397
-1.466143
-1.490105
-1.482761
-1.496173
-1.492925
-1.496447
-1.492493
-1.505162
-1.499592
-1.498853
-1.491752
-1.39245
-1.467236
-1.497657
-1.531467
-1.487062
-1.491788
-1.359902
-1.49756
-1.480437
-1.497957
-1.477844
-1.480015
-1.496189
-1.49467
-1.502908
-1.500025
-1.496906
-1.485717
-1.500103
-1.497115
-1.504636
-1.494976
-1.497293
-1.491871
-1.393106
-1.497656
-1.499972
-1.495848
-1.480632
-1.494106
-1.417922
-1.499548
-1.497678
-1.490941
-1.496253
-1.494974
-1.49181
-1.497483
-1.500118
-1.446271
-1.497469
-1.499217
-1.478178
-1.492003
-1.492541
-1.488816
-1.497782
-1.49773
-1.499313
-1.498683
-1.491445
-1.492981
-1.463729
-1.400694
-1.496785
-1.495729
-1.497443
-1.497763
-1.486552
-1.498185
-1.422145
-1.494656
-1.491387
-1.48527
-1.491922
-1.493837
-1.500759
-1.386046
-1.496571
-1.471522
-1.499446
-1.501916
-1.468247
-1.501961
-1.495792
-1.501713
-1.499894
-1.473309
-1.478921
-1.503161
-1.491765
-1.498104
-1.497378
-1.496782
-1.492872
-1.485258
-1.496103
-1.499341
-1.493095
-1.490783
-1.432171
-1.480696
-1.468033
-1.496712
-1.489516
-1.502261
-1.495116
-1.498611
-1.50045
-1.497521
-1.369498
-1.45036
-1.485291
-1.497416
-1.502074
-1.479486
-1.422903
-1.489961
-1.480835
-1.425877
-1.500164
-1.470952
-1.500009
-1.496017
-1.498033
-1.500374
-1.494268
-1.495195
-1.485646
-1.499361
-1.491944
-1.490835
-1.497116
-1.49479
-1.493404
-1.49608
-1.496592
-1.435516
-1.503217
-1.474245
-1.469148
-1.484682
-1.489881
-1.437119
-1.487371
-1.423047
-1.500857
-1.483527
-1.495589
-1.49929
-1.48597
-1.435949
-1.475999
-1.499422
-1.501279
-1.494786
-1.496076
-1.498011
-1.500133
-1.484946
-1.492364
-1.493854
-1.474874
-1.48218
-1.499261
-1.495377
-1.495332
-1.498115
-1.4858
-1.495113
-1.421215
-0.932869
-1.481633
-1.498775
-1.500219
-1.497142
-1.499422
-1.498209
-1.487332
-1.48215
-1.492083
-1.487118
-1.4821
-1.49189
-1.496138
-1.497544
-1.499471
-1.4947
-1.497808
-1.493335
-1.498298
-1.493041
-1.500679
-1.490683
-1.420558
-1.498735
-1.500775
-1.376452
-1.496603
-1.490386
-1.495797
-1.368355
-1.453699
-1.424252
-1.503122
-1.519388
-1.492826
-1.499719
-1.500037
-1.485221
-1.492217
-1.47948
-1.453997
-1.48318
-1.434959
-1.495764
-1.497164
-1.493568
-1.423235
-1.492533
-1.500295
-1.322655
-1.500875
-1.497099
-1.443699
-1.475627
-1.491638
-1.499681
-1.501588
-1.465574
-1.494508
-1.490167
-1.494091
-1.361598
-1.499926
-1.499314
-1.430656
-1.494777
-1.502188
-1.496128
-1.496819
-1.48411
-1.482736
-1.485961
-1.499812
-1.468429
-1.494848
-1.368661
-1.49174
-1.475084
-1.497444
-1.497633
-1.499341
-1.49386
-1.449392
-1.482703
-1.414912
-1.493763
-1.462295
-1.500056
-1.448053
-1.496018
-1.496571
-1.496342
-1.488094
-1.49367
-1.475423
-1.45974
-1.499563
-1.496877
-1.495496
-1.502564
-1.494596
-1.493449
-1.495766
-1.494721
-1.498795
-1.491899
-1.484178
-1.503399
-1.499457
-1.487343
-1.497224
-1.489053
-1.499371
-1.492365
-1.480343
-1.49628
-1.497289
-1.500723
-1.499169
-1.502657
-1.478378
-1.495358
-1.50045
-1.498303
-1.496545
-1.497198
-1.493009
-1.498891
-1.485811
-1.481428
-1.499144
-1.501042
-1.498203
-1.502556
-0.007534
-1.440096
-1.497794
-1.49481
-1.499223
-1.493735
-1.500025
-1.496839
-1.498478
-1.491566
-1.301532
-1.495257
-1.498522
-1.484138
-1.501125
-1.498808
-1.423866
-1.498827
-1.50034
-1.498464
-1.495451
-1.493689
-1.498124
-1.499608
-1.499777
-1.49451
-1.478635
-1.50063
-1.498829
-1.480036
-1.44449
-1.495148
-1.450736
-1.516566
-1.497853
-1.540818
-1.472502
-1.500008
-1.526595
-1.497996
-1.493553
-1.497258
-1.411996
-1.496894
-1.496844
-1.486749
-1.487897
-1.501703
-1.495932
-1.499712
-1.496226
-1.498164
-1.490522
-1.499406
-1.469065
-1.495593
-1.498256
-1.496555
-1.497548
-1.465187
-1.498922
-1.499627
-1.499572
-1.550064
-1.490527
-1.478684
-1.495841
-1.495052
-1.445785
-1.497291
-1.498513
-1.500301
-1.498771
-1.490336
-1.471413
-1.496559
-1.482149
-1.495854
-1.496538
-1.493523
-1.494745
-1.491575
-1.497687
-1.498782
-1.444257
-1.422111
-1.498906
-1.442766
-1.502556
-1.493041
-1.493484
-1.49557
-1.495847
-1.499698
-1.499349
-1.498031
-1.497832
-1.498544
-1.496161
-1.500449
-1.49867
-1.496671
-1.498334
-1.489077
-1.498796
-1.496
-1.496673
-1.500362
-1.494338
-0.999691
-1.431152
-1.380812
-1.498882
-1.499402
-1.495645
-1.492543
-1.485328
-1.478751
-1.493951
-1.459903
-1.498237
-1.473413
-1.498724
-1.485907
-1.497718
-1.500035
-1.498914
-1.496574
-1.424936
-1.494379
-1.499726
-1.495453
-1.492003
-1.489036
-1.477188
-1.495487
-1.494054
-1.499467
-1.479917
-1.478115
-1.497782
-1.497108
-1.392202
-1.493512
-1.496917
-1.498953
-1.497378
-1.498826
-1.491515
-1.496566
-1.499092
-1.491837
-1.495218
-1.453629
-1.501315
-1.497779
-1.460286
-1.499075
-1.497023
-1.444991
-1.495729
-1.494789
-1.498407
-1.507008
-1.503951
-1.489618
-1.464172
-1.451207
-1.499624
-1.391172
-1.4528
-1.494937
-1.497993
-1.490302
-1.497998
-1.469187
-1.494552
-1.496478
-1.492482
-1.492921
-1.498274
-1.49705
-1.495151
-1.498817
-1.489879
-1.48527
-1.492612
-1.489037
-1.493238
-1.496416
-1.486375
-1.499819
-1.495589
-1.496379
-1.494836
-1.490749
-1.498925
-1.498492
-1.497087
-1.502
-1.491926
-1.494908
-1.454823
-1.381069
-1.49968
-1.49921
-1.477526
-1.499342
-1.491853
-1.491567
-1.493086
-1.503074
-1.495926
-1.466979
-1.501175
-1.428379
-1.450321
-1.492048
-1.494093
-1.499637
-1.339673
-1.496478
-1.493784
-1.492409
-1.490344
-1.496245
-1.433036
-1.49833
-1.496724
-1.489173
-1.501834
-1.489445
-1.493693
-1.428661
-1.418535
-1.380879
-1.496339
-1.490791
-1.493951
-1.498342
-1.499634
-1.48481
-1.423279
-1.464129
-1.449926
-1.497681
-1.500349
-1.494331
-1.499263
-1.501271
-1.484637
-1.485883
-1.488467
-1.486453
-1.503029
-1.473489
-1.506471
-1.497832
-1.498391
-1.49868
-1.499868
-1.364921
-1.495893
-1.498917
-1.498371
-1.49959
-1.479161
-1.411379
-1.47345
-1.50048
-1.494223
-0.498129
-1.402252
-1.498048
-1.476358
-1.497436
-1.49989
-1.494116
-1.499475
-1.471652
-1.4997
-1.487707
-1.497467
-1.415466
-1.127465
-1.493125
-1.499156
-1.500399
-1.446727
-1.498108
-1.48536
-1.350911
-1.452892
-1.496165
-1.49421
-1.498496
-1.491005
-1.497008
-1.474073
-1.502315
-1.455228
-1.497333
-1.497317
-1.499473
-1.490622
-1.485892
-1.476649
-1.486674
-1.500101
-1.495425
-1.500919
-1.496619
-1.497366
-1.497727
-1.49886
-1.499677
-1.501246
-1.469238
-1.494426
-1.485693
-1.49562
-1.4662
-1.493927
-1.463108
-1.487953
-1.499833
-1.50141
-1.486704
-1.497055
-1.491521
-1.448106
-1.50027
-1.500411
-1.270138
-1.486019
-1.123004
-1.486226
-1.494902
-1.495102
-1.491162
-1.491896
-1.495497
-1.491934
-1.497312
-1.473565
-1.50094
-1.408904
-1.49994
-1.499146
-1.501387
-1.499447
-1.496724
-1.499804
-1.48579
-1.438582
-1.496128
-1.477884
-1.470114
-1.431746
-1.500716
-1.406971
-1.484774
-1.482319
-1.480621
-1.488203
-1.494614
-1.497394
-1.493992
-1.493121
-1.488084
-1.501486
-1.497125
-1.493803
-1.501713
-1.483461
-1.493729
-1.497466
-1.492389
-1.496626
-1.502344
-1.500698
-1.429001
-1.481694
-1.494702
-1.495932
-1.499066
-1.496571
-1.494988
-1.426285
-1.495116
-1.495406
-1.498533
-1.461895
-1.481733
-1.488591
-1.441951
-1.500916
-1.493416
-1.492674
-1.497188
-1.428436
-1.425204
-1.459948
-1.493762
-1.496177
-1.496583
-1.495085
-1.499629
-1.498159
-1.471488
-1.49347
-1.487549
-1.495862
-1.49302
-1.473197
-1.499445
-1.499747
-1.498499
-1.486408
-1.460629
-1.456352
-1.497638
-1.496338
-1.40018
-1.497304
-1.497695
-1.494837
-1.487719
-1.494772
-1.498708
-1.441949
-1.505264
-1.486438
-1.497712
-1.470686
-1.493087
-1.502623
-1.497189
-1.496412
-1.488674
-1.479073
-1.499983
-1.495259
-1.490521
-1.522891
-1.504972
-1.487629
-1.497894
-1.48862
-1.494195
-1.497412
-1.469899
-1.494314
-1.497715
-1.500231
-1.500986
-1.495086
-1.454243
-1.490533
-1.48378
-1.496687
-1.497674
-1.496214
-1.243808
-1.495486
-1.483197
-1.475268
-1.472034
-1.496078
-1.498397
-1.402132
-1.487128
-1.497391
-1.500898
-1.485473
-1.44185
-1.499892
-1.45499
-1.483202
-1.506892
-1.50162
-1.50054
-1.497459
-1.49301
-1.49429
-1.49574
-1.491451
-1.498476
-1.496492
-1.494195
-1.374818
-1.499706
-1.499039
-1.487069
-1.448282
-1.443346
-1.500574
-1.498625
-1.491325
-1.500531
-1.496145
-1.471599
-1.497045
-1.419052
-1.496696
-1.497337
-1.41505
-1.497591
-1.483085
-1.4835
-1.494629
-1.389922
-1.450213
-1.468299
-1.496635
-1.453301
-1.411938
-1.481103
-1.500652
-1.410476
-1.491667
-1.498814
-1.496705
-1.468184
-1.433509
-1.486608
-1.454971
-1.502167
-1.445413
-1.497119
-1.38774
-1.495449
-1.498007
-1.498356
-1.459934
-1.488931
-1.459725
-1.498354
-1.496546
-1.372836
-1.304588
-1.497271
-1.452714
-1.492553
-1.497152
-1.497411
-1.502253
-1.497437
-1.429115
-1.498839
-1.497324
-1.495793
-1.499862
-1.486294
-1.501352
-1.511207
-1.499738
-1.486009
-1.397656
-1.50037
-1.498985
-1.463169
-1.498581
-1.471906
-1.488435
-1.395828
-1.499984
-1.461736
-1.492567
-1.468967
-1.490958
-1.494263
-1.501323
-1.502781
-1.41987
-1.497275
-1.49258
-0.761515
-1.496123
-1.493056
-1.390723
-1.501085
-1.484787
-1.494541
-1.448871
-1.49008
-1.458121
-1.445808
-1.461075
-1.497724
-1.499037
-1.499656
-1.492944
-1.489405
-1.495024
-1.491139
-1.495618
-1.498454
-1.490763
-1.49512
-1.497871
-1.495033
-1.499854
-1.49708
-1.497403
-1.497482
-1.494134
-1.489014
-1.492274
-1.495634
-1.494422
-1.5071
-1.495338
-1.499713
-1.497122
-1.49485
-1.427105
-1.453477
-1.461398
-1.497814
-1.494117
-1.488306
-1.498197
-1.50714
-1.489764
-1.497178
-1.435951
-1.485525
-1.492733
-1.49716
-1.495079
-1.49089
-1.494783
-1.468404
-1.496391
-1.50096
-1.491642
-1.498123
-1.459313
-1.501021
-1.493649
-1.483019
-1.488715
-1.492486
-1.475988
-1.477667
-1.498528
-1.472343
-1.495295
-1.494142
-1.491223
-1.4715
-1.497318
-1.49469
-1.49013
-1.464478
-1.477817
-1.5011
-1.479476
-1.486244
-1.474226
-1.437699
-1.498764
-1.493045
-1.496303
-1.496441
-1.470032
-1.502958
-1.490007
-1.494841
-1.491203
-1.478762
-1.499485
-1.488387
-1.494919
-1.497901
-1.497161
-1.494834
-1.501214
-1.497243
-1.48073
-1.491455
-1.436195
-1.481477
-1.495295
-1.498317
-1.498168
-1.477768
-1.281061
-1.479609
-1.495851
-1.47357
-1.494939
-1.494714
-1.499418
-1.500486
-1.46907
-1.486743
-1.495214
-1.497821
-1.49623
-1.494976
-1.50207
-1.498751
-1.501041
-1.465844
-1.436571
-1.498638
-1.446727
-1.495134
-1.430429
-1.460446
-1.479799
-1.490703
-1.497789
-1.4925
-1.494478
-1.489388
-1.164392
-1.500194
-1.497043
-1.500467
-1.396809
-1.494848
-1.500007
-1.497534
-1.498649
-1.493115
-1.497651
-1.494871
-1.497647
-1.497232
-1.487386
-1.463667
-1.45454
-1.492816
-1.498859
-1.469132
-1.500314
-1.499129
-1.490321
-1.496203
-1.496283
-1.490068
-1.498826
-1.499122
-1.497986
-1.495206
-1.501233
-1.503272
-1.496704
-1.499357
-1.497817
-1.500321
-1.498321
-1.446903
-1.496494
-1.497375
-1.496392
-1.489911
-1.490758
-1.487764
-1.498443
-1.49625
-1.429395
-1.497992
-1.496671
-1.499503
-1.496508
-1.470679
-1.482827
-1.493671
-1.444701
-1.409777
-1.510248
-1.490702
-1.500565
-1.495348
-1.481309
-1.48846
-1.445594
-1.497896
-1.498696
-1.491549
-1.453533
-1.496378
-1.486574
-1.498664
-1.492028
-1.511971
-1.477958
-1.444058
-1.489704
-1.498776
-1.467093
-1.496408
-1.499587
-1.4976
-1.471038
-1.497862
-1.442805
-1.483063
-1.497416
-1.376985
-1.490033
-1.500612
-1.495932
-1.476448
-1.425788
-1.494298
-1.501439
-1.500601
-1.492617
-1.498734
-1.474488
-1.495523
-1.487658
-1.471465
-1.496075
-1.497883
-1.492163
-1.424828
-1.492729
-1.441377
-1.495128
-1.489222
-1.470299
-1.488355
-1.499336
-1.491207
-1.49803
-1.497819
-1.501476
-1.497187
-1.457572
-1.405708
-1.480427
-1.492354
-1.497206
-1.489373
-1.374068
-1.497453
-1.494096
-1.488372
-1.492593
-1.492532
-1.498625
-1.498548
-1.443844
-1.495197
-1.501057
-1.497638
-1.479795
-1.501301
-1.49125
-1.44833
-1.493774
-1.481359
-1.492427
-1.368535
-1.498231
-1.495651
-1.483391
-1.493665
-1.488463
-1.455092
-1.473222
-1.499424
-1.497559
-1.492791
-1.4908
-1.478072
-1.498826
-1.491353
-1.501235
-1.497472
-1.500268
-1.493521
-1.496756
-1.474798
-1.499269
-1.50017
-1.483355
-1.498807
-1.497806
-1.453901
-1.498229
-1.438758
-1.495737
-1.485377
-1.490998
-1.47713
-1.497906
-1.493041
-1.463066
-1.490019
-1.502627
-1.497423
-1.49793
-1.47909
-1.494487
-1.495688
-1.380118
-1.500197
-1.494736
-1.482951
-1.496122
-1.48754
-1.484421
-1.495548
-1.445829
-1.462523
-1.493382
-1.498244
-1.419896
-1.490984
-1.498997
-1.499539
-1.502387
-1.484386
-1.492466
-1.499372
-1.48758
-1.500943
-1.497173
-1.480917
-1.473071
-1.50248
-1.494551
-1.494783
-1.49377
-1.500081
-1.492441
-1.488388
-1.493464
-1.49448
-1.497279
-1.496293
-1.49306
-1.499347
-1.397299
