-1.476939982099
-1.49999955900995
-1.4888447631981
-1.4696352858212
-1.5000004707109
-1.49999981453045
-1.50000046722455
-1.5000003419357
-1.5000005885016
-1.50000156535585
-1.50000002795295
-1.4064960619185
-1.4010285929808
-1.4877431376387
-1.50000027288415
-1.3822878254795
-1.49999994844585
-1.50000003036995
-1.5000002043407
-1.50363850118975
-1.50000018137835
-1.5000007614492
-1.4609923013433
-1.50000002845765
-1.43960812918755
-1.38996624899495
-1.3886513991234
-1.49999969665835
-1.4999994381858
-1.5000009145351
-1.5000005078442
-1.5000000929463
-1.50000009330945
-1.49999952049115
-1.43029084416355
-1.4999997926727
-1.423094648304
-1.44630683411115
-1.49999983255275
-1.32907157771615
-1.5000002948394
-1.49074725178845
-1.4999995814186
-1.46182966121935
-1.50000014822365
-1.50000030072565
-1.50766443244615
-1.4613220967873
-1.426931544301
-1.4999996839459
-1.33685673413045
-1.50000000618715
-1.41656541048855
-1.4999997022677
-1.50000029323095
-1.4999999843241
-1.37679646751405
-1.50000055586325
-1.50000059672765
-1.50000026988305
-1.50000015751135
-1.44574026201245
-1.5000004600862
-1.49999996970465
-1.42767596120765
-1.5000006352547
-1.4999995463779
-1.5000001642163
-1.46215950255175
-1.500000733358
-1.50000018108175
-1.5000000787061
-1.39181919892435
-1.44216044269865
-1.5000001225008
-1.4046503801681
-1.4999999839839
-1.5000002107489
-1.50000025670685
-1.4999996071342
-1.4999995095446
-1.45655129139575
-1.49416824991955
-1.49999925680355
-1.42915175614935
-1.51527400491175
-1.4999998355667
-1.50000008231745
-1.5000002990588
-1.41815606121605
-1.5000009333968
-1.45444920420155
-1.4999997653344
-1.5000003471121
-1.499999768116
-1.39275566675535
-1.485186653883
-1.50000036929955
-1.500000399572
-1.49999978409445
-1.4580657633609
-1.46341383970245
-1.50000004264645
-1.49999957325675
-1.49999981844275
-1.4999997513692
-1.440345589061
-1.4981441933878
-1.50000021187065
-1.4346551306983
-1.49999982421755
-1.4107595448669
-1.4999991753117
-1.50000079122625
-1.42697119627745
-1.46454864257645
-1.4539660400007
-1.5000010364827
-1.49756273231575
-1.4999997871418
-1.4999995988958
-1.4218181886766
-1.5000006643612
-1.49999988377365
-1.3410353138346
-1.440839062834
-1.47299963693475
-1.48578820821055
-1.4999998844895
-1.3884996061713
-1.4046075252774
-1.47091201263925
-1.49999969355255
-1.38863992292605
-1.50000024126735
-1.35041237015765
-1.5000003982104
-1.49999991306605
-1.49999955192665
-1.50000028109855
-1.50000012127615
-1.5000009858336
-1.5000002870983
-1.3244719205154
-1.49999993991895
-1.40655015236615
-1.49999962138815
-1.4961957147595
-1.46030428768125
-1.46891369312245
-1.4999999876003
-1.49999951238075
-1.4269954842316
-1.4698412011324
-1.464872866107
-1.5000001580441
-1.50000045462925
-1.40602988961665
-1.50000007558605
-1.51087935990705
-1.49999970007915
-1.50000005873295
-1.50000028527255
-1.3913795977102
-1.36286357030125
-1.39606604641685
-1.5000002390811
-1.50000012401995
-1.34617175580705
-1.3958724573621
-1.485162759936
-1.50000014451025
-1.50000100141025
-1.4886211315498
-1.4999998291315
-1.4582265809229
-1.4999995366708
-1.4555962390743
-1.3924515400597
-1.483093880896
-1.4782343392479
-1.49999984584475
-1.44931052858065
-1.50000091912765
-1.4999999831877
-1.49999983946615
-1.49999934742715
-1.4999995956455
-1.50000050199185
-1.49999947917375
-1.49999954445945
-1.49999950437875
-1.49999967886335
-1.50000022512735
-1.4925794882847
-1.5000004324839
-1.49999984610435
-1.50000012648765
-1.4999993923635
-1.3511928175452
-1.4121599515413
-1.50000029760635
-1.4999994909729
-1.50000048360925
-1.49775465280145
-1.38157902857835
-1.49562581174895
-1.5000004313227
-1.4027899460595
-1.44999505221455
-1.50000003795725
-1.49999997074405
-1.4577134674148
-1.44208334703705
-1.5000006346796
-1.44483944148825
-1.47324016237125
-1.5000003764858
-1.39441489662315
-1.50000027744715
-1.4993915737183
-1.4932428509046
-1.45139417827775
-1.4999998751565
-1.50000021820245
-1.50000031553675
-1.4999994015781
-1.4999999648213
-1.47215510792215
-1.50000009086655
-1.5031070386944
-1.43850654861295
-1.50000001551065
-1.48884061033925
-1.499999418733
-1.5000002014132
-1.4999997941663
-1.4999992508298
-1.4649666743167
-1.49999928334585
-1.4999996773217
-1.4999932538914
-1.49837502762595
-1.47972622890465
-1.5000000178904
-1.44541370915945
-1.49934139198475
-1.49999971789355
-1.49999981708025
-1.50000024545845
-1.50000045577565
-1.5000001025613
-1.50000023500165
-1.43297588881705
-1.49999997858405
-1.49999991937155
-1.50000072571045
-1.5000004368454
-1.49999974401755
-1.49999968634345
-1.4999997328218
-1.4830437596432
-1.50000076359405
-1.50000016003095
-1.50000064834705
-1.4999996537278
-1.4999994794583
-1.5000006278124
-1.49999921623845
-1.4999999259131
-1.4999997737804
-1.48778403141205
-1.5000003646843
-1.4999999157529
-1.4348746506956
-1.50000073864005
-1.50000048966785
-1.49999994002695
-1.499881539071
-1.4920904821018
-1.4999997265777
-1.49999951945985
-1.4791629371848
-1.50000044406225
-1.50132250441595
-1.49893409854325
-1.4860403089684
-1.4890982126682
-1.4999998728914
-1.50000020776
-1.5000005648141
-1.4999995825218
-1.50000022936295
-1.49999939713
-1.5000005714325
-1.4314611713631
-1.5000001692483
-1.50756687901125
-1.48755192785945
-1.37683953602495
-1.4999994830903
-1.3417959297579
-1.49039749229415
-1.47835196948805
-1.49999974903345
-1.50000069552655
-1.4995833158582
-1.49999979528255
-1.3733781560195
-1.50000046588815
-1.5131478851934
-1.5252976898425
-1.50000043378025
-1.4999995909378
-1.4661552963066
-1.4765291361944
-1.49453807235955
-1.46277753196055
-1.4999999429566
-1.4962671469514
-1.49999940458205
-1.43822672347565
-1.40441872997595
-1.49999990816095
-1.4492887469226
-1.50000010903195
-1.5000000478027
-1.50000005712325
-1.50000095011645
-1.49999984388615
-1.3645008276305
-1.4999993692857
-1.49999980844745
-1.5000001254234
-1.4078440021938
-1.45863712981625
-1.5000004862635
-1.45840649242915
-1.4990089771551
-1.48694117045475
-1.50000013514455
-1.49999974325615
-1.49999991144755
-1.50000033091525
-1.4999991110738
-1.5000004130034
-1.54902773298415
-1.41852076058425
-1.50000046089645
-1.50000019849195
-1.3560453858762
-1.4528561494112
-1.42210762035
-1.50000094163845
-1.51803799001485
-1.48173721699295
-1.50000028188535
-1.50000026729695
-1.4454631371662
-1.5000003831147
-1.5000003778198
-1.49251996068315
-1.500000615249
-1.4869160932628
-1.39693096322395
-1.4999998669665
-1.4280085072677
-1.46416859455745
-1.41924919122285
-1.49404982943665
-1.40827676315215
-1.50000009825975
-1.5000001922725
-1.4999996698173
-1.50000012188485
-1.49999991405435
-1.38924329582105
-1.50199687422445
-1.5000001438073
-1.499999622284
-1.4999995759524
-1.4866949739151
-1.49999989796685
-1.40994944734685
-1.4689110398088
-1.47043497935075
-1.49999951639435
-1.4999996573367
-1.4999998552875
-1.4999996273625
-1.4999999565367
-1.5000005001763
-1.4223514193965
-1.50000019777215
-1.49999959067935
-1.5000008118298
-1.5000000892295
-1.49999980361085
-1.5000005973523
-1.49999973232005
-1.4936826688626
-1.49999977764985
-1.50000096132565
-1.5000001050568
-1.500000027786
-1.4999995652592
-1.39775605805475
-1.4828616713249
-1.42418836742315
-1.4960758269759
-1.4728546313848
-1.3774227696523
-1.4787985852834
-1.4533498656803
-1.49999916304215
-1.4594670212337
-1.500000922542
-1.5000000652806
-1.5000001500446
-1.5000000592546
-1.499999596591
-1.49298827107665
-1.497693924781
-1.5000001932823
-1.50000086192265
-1.44619589858755
-1.4976488721531
-1.3907681002492
-1.50000019851305
-1.4490124574812
-1.49999981549955
-1.36697027872505
-1.5000011119697
-1.49999970368485
-1.50000028761435
-1.5000005358182
-1.49999912676685
-1.4999994621242
-1.49999963489975
-1.4862173493997
-1.5000000812677
-1.49999876986435
-1.49999925668525
-1.47993424286155
-1.49938274787515
-1.4712780977004
-1.4999995899041
-1.5000000694049
-1.4829360012237
-1.5000007267256
-1.5000001611894
-1.4597215259761
-1.5000011857533
-1.4999996215116
-1.4799991504703
-1.51028217061115
-1.4999996952355
-1.4999994674486
-1.467082624851
-1.4542382445936
-1.49999967087295
-1.3601544555714
-1.49999964027255
-1.4052460619103
-1.50000023896165
-1.5000004449865
-1.49999925482425
-1.5000002532335
-1.5000001826416
-1.42691203648135
-1.5007015913157
-1.4159262676722
-1.50000032380465
-1.50000009279645
-1.49999987721725
-1.4999996450052
-1.497585377817
-1.49999933720095
-1.5000008572042
-1.44256480752275
-1.45428119875325
-1.4999998278211
-1.4637958385299
-1.35001833340525
-1.50000050240235
-1.50000008824345
-1.4653701557636
-1.47283419711605
-1.49999995852575
-1.4644305778469
-1.52682012496275
-1.50000033236215
-1.4999999348289
-1.4697533168898
-1.5227779673707
-1.3747248850025
-1.5000001473424
-1.4999997601482
-1.5000005164672
-1.4858256833608
-1.4999998131181
-1.5000001261701
-1.46257839252995
-1.49999959102005
-1.50000023875175
-1.37959023156185
-1.48544222916855
-1.50000028445995
-1.4717842878101
-1.500000186469
-1.49516555472285
-1.49999936088485
-1.4235916138754
-1.5000000914719
-1.50000008346275
-1.49999961662975
-1.35355989577465
-1.42910868980215
-1.4999994106164
-1.5000001024398
-1.47612843357005
-1.48778525850215
-1.50000019280925
-1.4966831755155
-1.5000001840597
-1.5000001386577
-1.5000002392128
-1.49999978651335
-1.5000003073735
-1.4491057165501
-1.44334480411185
-1.4999998695104
-1.50000010650915
-1.50000021374185
-1.50000038525225
-1.5000000262405
-1.4700580286306
-1.499999971434
-1.3665356529563
-1.45397897637045
-1.44786617842705
-1.4999998058633
-1.5000005573024
-1.5000003822015
-1.43613957682725
-1.48636192431265
-1.4841203784448
-1.5000005219346
-1.43091481524985
-1.50000052933995
-1.4999998383873
-1.4810678958688
-1.36826066008995
-1.4999998467834
-1.37030214385845
-1.50000065638525
-1.42228979963755
-1.49999924049115
-1.4999996979305
-1.49896126355035
-1.49999984230345
-1.500000761192
-1.50350081661455
-1.4999997520087
-1.4999999263303
-1.4194450442324
-1.49189055048055
-1.4789296761416
-1.4620341237796
-1.5000003678604
-1.50543319227925
-1.4677036984159
-1.4849056617838
-1.50000090732405
-1.500000146483
-1.48596685835125
-1.50000043781565
-1.44935143921945
-1.4999991412748
-1.50629199672845
-1.4224912479968
-1.5000000479903
-1.49999923016565
-1.50000051711625
-1.49999996914415
-1.35836016014215
-1.500000750279
-1.4053451964861
-1.50000003144
-1.5000001816685
-1.49317389726065
-1.49665061413015
-1.49999994729975
-1.4999997053697
-1.42455326394915
-1.49999984416415
-1.4382455001121
-1.4999997812609
-1.5000003360705
-1.45668823416205
-1.50000004913365
-1.4999999962028
-1.3811557874749
-1.5000003717764
-1.500000278868
-1.4999369516547
-1.50000095757965
-1.52836284760225
-1.4513100395225
-1.4999997780665
-1.4999997576002
-1.4999999397556
-1.3683875553617
-1.45351951385455
-1.5230454378001
-1.50000076018205
-1.46825951058605
-1.4999998503247
-1.49999974482245
-1.30986960268625
-1.4999999164207
-1.49999983919625
-1.50000156409165
-1.44811476092015
-1.5000000686253
-1.50000011720955
-1.49957539349135
-1.5184896945859
-1.49999978626405
-1.5000003119569
-1.5000001881619
-1.5000006079513
-1.4999999859684
-1.5000001027048
-1.4999999217726
-1.3922405161457
-1.49999952155185
-1.4292451864029
-1.5000001681369
-1.50000012899335
-1.50000003963235
-1.49999966614975
-1.499999503793
-1.50000022150965
-1.49999988253885
-1.50000013470975
-1.48943446180315
-1.5000007318946
-1.49999973889905
-1.5000003235759
-1.4430151193192
-1.4999999117281
-1.4999997721878
-1.4999994564294
-1.5000006538449
-1.49999953364785
-1.48686050962215
-1.49999964644385
-1.4999999375008
-1.49999956195515
-1.5000009509769
-1.49999961102055
-1.49999969459445
-1.49999979672495
-1.5000007579688
-1.5000001486214
-1.4327768126742
-1.49999898198505
-1.5000003076713
-1.4999998249125
-1.49999961120455
-1.49999977447195
-1.4999998873588
-1.4453747988013
-1.4999999587362
-1.5000004536404
-1.50000044627425
-1.500000164812
-1.499999838585
-1.42222085139715
-1.5000003060971
-1.5000003640195
-1.49896309258945
-1.50000070078975
-1.49999984724555
-1.4999995728842
-1.49999966639795
-1.47414923708805
-1.49266025768375
-1.34452416719135
-1.39024650387785
-1.4999999705444
-1.48710813096335
-1.4992830010041
-1.4999998301013
-1.50000027789845
-1.5000003973398
-1.499999739684
-1.4668720395763
-1.37669454205185
-1.5000003997002
-1.4999993366967
-1.4492175246371
-1.50000021814445
-1.4029463924043
-1.49999985251085
-1.49999991433765
-1.46089827522465
-1.4999998599221
-1.3761997571148
-1.49999935512155
-1.5000004331079
-1.50000003220645
-1.4808267882938
-1.4999998494439
-1.41750344367375
-1.4999996299019
-1.4967698735088
-1.50000003523795
-1.41632350690355
-1.4999999773807
-1.4999995859187
-1.49999988421955
-1.50000048982095
-1.50000019075735
-1.50000009723075
-1.49999940819305
-1.49999952861625
-1.355456991561
-1.5000000806127
-1.411898519587
-1.50000036025405
-1.5000009713578
-1.4999994006322
-1.499999745957
-1.49999988302935
-1.5000001412117
-1.43519352753275
-1.42234986267655
-1.4312688288543
-1.4999998721163
-1.4809380731726
-1.5000006189466
-1.5000001640985
-1.49572368964595
-1.3890838981221
-1.47226715475635
-1.49999977008915
-1.49999968241935
-1.5000002253277
-1.35225342461325
-1.49142429881
-1.34383673236575
-1.49999978202915
-1.5077283717471
-1.4999995829772
-1.500000091886
-1.41063942326685
-1.4999999103481
-1.4073802572876
-1.5287884142566
-1.50000000879975
-1.48077395875515
-1.5000007444827
-1.5000001505084
-1.5000003272401
-1.49999999529775
-1.49999996072555
-1.4999999817514
-1.49678744008935
-1.4198687568071
-1.4999994844341
-1.5000009913108
-1.5000003313582
-1.4999998783358
-1.48530424790875
-1.50000030908005
-1.50000003489755
-1.4999996670036
-1.50000039463445
-1.5000002915
-1.44677509133595
-1.49999984207655
-1.4954244979287
-1.44283916962215
-1.49999993104215
-1.4999998287455
-1.47079316431275
-1.49999972343025
-1.40434225116495
-1.4278810034447
-1.500000551491
-1.50000040570675
-1.3586833527802
-1.44214955110825
-1.50000067432845
-1.4834496470006
-1.4074387497165
-1.50000014766055
-1.50000007090325
-1.44719657025655
-1.5000000784602
-1.41702328216045
-1.50000076928305
-1.4999997603873
-1.50000008262895
-1.4837247772906
-1.50000112990445
-1.4035997009071
-1.50000033903105
-1.49999995334905
-1.49999997968635
-1.49999951587455
-1.49999907645425
-1.50000003271355
-1.50000018844265
-1.45677593106785
-1.49999916829
-1.50000005362585
-1.46242461773435
-1.49999989846195
-1.5000005549414
-1.49999971289855
-1.4999995749162
-1.42567184074265
-1.4999994466472
-1.50000065424555
-1.4435976995868
-1.4190855972058
-1.5000004492209
-1.4631957918766
-1.4286540503713
-1.42094274684885
-1.49999937348555
-1.50000018121375
-1.500000234637
-1.41661543319235
-1.50000033087745
-1.4988272662589
-1.3816188079356
-1.39951639331155
-1.4999989214309
-1.49999991504385
-1.50000022672615
-1.4999989789631
-1.45774306826165
-1.5000005574161
-1.4999996020273
-1.47152465693635
-1.49503029611135
-1.50000021407855
-1.51919494361435
-1.50000056668625
-1.47908749886025
-1.393688532374
-1.49999962378045
-1.49999981427985
-1.499999540024
-1.49962576843455
-1.49999948413325
-1.4984306595219
-1.42048953539415
-1.5000005453462
-1.492930806808
-1.49999981723825
-1.4999995585159
-1.49183403389915
-1.50000012054295
-1.36222558055125
-1.4913974256178
-1.4999999758322
-1.50000062387755
-1.50000034277925
-1.44373498214195
-1.36521206990655
-1.4999999773488
-1.47724917143395
-1.487715000317
-1.50000013963735
-1.50000009692035
-1.50000033513645
-1.5000006023254
-1.49823623240505
-1.3844468011514
-1.46815806060015
-1.47192308730125
-1.49999998666095
-1.49999969122885
-1.4999995640353
-1.4517924879584
-1.4999999588302
-1.46624204097135
-1.50000029952745
-1.37294134892825
-1.5000010161898
-1.500000696283
-1.4999999464521
-1.5000004607586
-1.4999997117465
-1.4999994992006
-1.5000003001257
-1.50000019892665
-1.3750019552681
-1.4999999963758
-1.4754559200543
-1.4999998141108
-1.50000003385715
-1.49999991048145
-1.5000007363516
-1.49999990756005
-1.4999998205284
-1.49999986894045
-1.5000001058664
-1.48171039338265
-1.50000010938415
-1.50000044954005
-1.49999961353105
-1.4999919857986
-1.5000003063331
-1.4003826769015
-1.50000006619715
-1.3425281848523
-1.39917304371745
-1.5000005205962
-1.5045384322078
-1.5000000489584
-1.5000002755258
-1.47116550580865
-1.51012385293105
-1.50000008505785
-1.4766142184566
-1.5000004021209
-1.4291048607465
-1.4569503305813
-1.499999473449
-1.50000110974235
-1.4999995620285
-1.4999996246962
-1.5000004264314
-1.49747825489355
-1.4900795961135
-1.49999956028505
-1.4999564514112
-1.4489724584833
-1.49999948371595
-1.5000001768371
-1.49999944037195
-1.5000001551531
-1.33172147287375
-1.50000023828315
-1.4999998511641
-1.5000001129574
-1.49999963847705
-1.49999983137675
-1.4907285717765
-1.5000003252414
-1.46310923628395
-1.49999963613015
-1.49505896424365
-1.49999914758385
-1.49999979697775
-1.4999993413314
-1.4997647723204
-1.49598715894625
-1.49999998166305
-1.344469988831
-1.500000363611
-1.5000003892683
-1.5000002002859
-1.49999965948055
-1.44850975095615
-1.49658514866795
-1.4798315119172
-1.50000038867455
-1.46867024368825
-1.4999998110712
-1.4494472585571
-1.5000006790518
-1.5309768818057
-1.49999985065235
-1.4999994912051
-1.4999998637828
-1.5000000841172
-1.48706452093405
-1.49999993875895
-1.4999995056857
-1.48241055094875
-1.5000001563739
-1.4574925958921
-1.4742400682786
-1.5000005941598
-1.4234612144882
-1.49999962738825
-1.5000003860279
-1.50000024205935
-1.3809868933811
-1.50000038184585
-1.411681699842
-1.5000002274382
-1.49999950433105
-1.5000000279576
-1.4999995552424
-1.4999995083565
-1.49999948569915
-1.49999957511865
-1.5000009899308
-1.496392304851
-1.49999996149685
-1.4999995384071
-1.46118610611065
-1.3884706639907
-1.49754359879905
-1.3919033815792
-1.4999998131143
-1.50000007933525
-1.50000051016325
-1.4999997152707
-1.4999998608168
-1.495643220384
-1.4999992180138
-1.49999983776455
-1.4999998680835
-1.4137577531933
-1.3811222365246
-1.38331917126185
-1.4999993535152
-1.49999959266985
-1.49999954809935
-1.39969204834605
-1.4999998391934
-1.50000048417555
-1.48965638655265
-1.41067415818435
-1.49999976226405
-1.4759335665359
-1.5000003732539
-1.49684776160335
-1.4957632347434
-1.46746687041455
-1.41889983163345
-1.4999998320653
-1.49999996313
-1.5000000953092
-1.5000001375288
-1.49999958952055
-1.4999991905153
-1.5000002125722
-1.4536415264151
-1.50000015508615
-1.4385389566263
-1.4096593926496
-1.5000004636283
-1.44776445268985
-1.50000004618715
-1.49999927631575
-1.4999995346359
-1.35346020247035
-1.5000005641609
-1.4999998139938
-1.5355035603592
-1.4856843317838
-1.50000051153985
-1.3218778440489
-1.4999997442834
-1.49108615995685
-1.50000050718055
-1.50000055994395
-1.5000006113493
-1.49999932743365
-1.500000084469
-1.4999997900733
-1.49999915868285
-1.4855207583036
-1.4999996793694
-1.4045500435578
-1.4763261434903
-1.4999998671528
-1.40127433741085
-1.50000033857705
-1.41020421102455
-1.4654560015487
-1.4994622244921
-1.4999991241156
-1.49999981783885
-1.4999987566345
-1.5000001035443
-1.4999996660547
-1.5000000516492
-1.5000003239963
-1.46665425391135
-1.5000005906441
-1.4977091648738
-1.49999976895885
-1.49999956892295
-1.499999739165
-1.499999431929
-1.5000006894078
-1.499999567542
-1.45695143269075
-1.50000021063675
-1.4999997125959
-1.49999990044795
-1.4999997405771
-1.4346910908763
-1.4377766415645
-1.50000034408705
-1.38740311755355
-1.5000000509485
-1.4999998643138
-1.49999948659025
-1.4999999265313
-1.5000004883422
-1.49999996317595
-1.4999998997176
-1.5000004316117
-1.50000031898225
-1.5000001012526
-1.49999964633605
-1.4808506474303
-1.5000002443557
-1.50000018763555
-1.40617600168555
-1.49999972576425
-1.4999998898803
-1.50000000508625
-1.44694935247785
-1.49999990356355
-1.4999998329886
-1.4999994302982
-1.48109086007695
-1.4999999466846
-1.5000004174388
-1.48325853480105
-1.50000043271225
-1.4999998924956
-1.499999792194
-1.5000001909859
-1.49650343281995
-1.49999996857375
-1.500000143118
-1.4123877581221
-1.49999970686225
-1.50000066395715
-1.5000000523571
-1.49999981928625
-1.5000000059399
-1.48146303412655
-1.49999949879625
-1.5000002180332
-1.50000016132255
-1.5000001347884
-1.50000010684
-1.491545842346
-1.4322995498625
-1.4999993226836
-1.4999998369339
-1.4309655611397
-1.4999991758936
-1.4721399103261
-1.5000011552624
-1.3735873038797
-1.49485809706815
-1.5000003046037
-1.5000008343503
-1.50000024864695
-1.5038504722499
-1.42238055525955
-1.49999996432155
-1.4999999914459
-1.32106525143545
-1.42195417977225
-1.49999986970205
-1.49999908885115
-1.4999997407828
-1.50000015161645
-1.50000004626865
-1.50000098658815
-1.500000279738
-1.50000050968505
-1.500000077957
-1.5000005488639
-1.4999999190676
-1.50000034423665
-1.4999995743291
-1.4818982808765
-1.49999968930275
-1.49999970537675
-1.50000103041835
-1.49999924579615
-1.46395645158415
-1.4167298936535
-1.4999994692125
-1.49055438092225
-1.44070021068135
-1.39780614664535
-1.41162014158855
-1.4999998047506
-1.50000025149145
-1.50000001721985
-1.50000002191715
-1.48467612349395
-1.43805469080685
-1.372374833399
-1.5000001503638
-1.4134460973159
-1.5000005440301
-1.5000002387445
-1.3426936855769
-1.5000005516907
-1.50000017990715
-1.49999974127745
-1.50000083140005
-1.48352628099755
-1.3849204969211
-1.3619044676084
-1.4343072598853
-1.50000033348855
-1.49999969078785
-1.5091283548956
-1.5000005284906
-1.4251394449221
-1.4999996442527
-1.4939993794924
-1.49999986049015
-1.39418249668795
-1.4639725930605
-1.49999974787725
-1.49999998489705
-1.50732124070575
-1.5183566813592
-1.4999998012064
-1.3745647325906
-1.49999988411195
-1.4999995558353
-1.36370148635925
-1.50000056206335
-1.42838493139085
-1.3787202466416
-1.50000004922215
-1.52280034065525
-1.50000014647205
-1.4999996912294
-1.4196254613146
-1.3737790006154
-1.3864218270423
-1.5364966942502
-1.4739473207157
-1.43962214894105
-1.4018793003615
-1.50000003751205
-1.5000000956794
-1.4720335755662
-1.5000000303842
-1.50000029157375
-1.4999997536789
-1.4999998285376
-1.45137610879415
-1.4471592193272
-1.5000001521756
-1.5000000064828
-1.4999996992098
-1.5000002050133
-1.5000001759647
-1.5000001816408
-1.4999997803529
-1.5000005622898
-1.4999997188953
-1.5000000954133
-1.50000050906595
-1.50000027643945
-1.500000478354
-1.50000030661295
-1.43019611658315
-1.4313345624354
-1.34559029101675
-1.33276641752465
-1.50000032677905
-1.4480874480954
-1.5000011121296
-1.4999999739184
-1.4534832690543
-1.49999988889505
-1.499999194829
-1.50000049349885
-1.4999992641703
-1.4999998037925
-1.50000020696865
-1.500001012126
-1.5000000884532
-1.3262620591511
-1.47426001000085
-1.50000069537405
-1.361770847616
-1.4332647446044
-1.4980375421807
-1.3288536670138
-1.49999944644305
-1.50000049912145
-1.500000055134
-1.4999998939966
-1.45109909267375
-1.40759064715525
-1.43345922198655
-1.499999954093
-1.3742409545699
-1.4812780982003
-1.45822374811055
-1.49999941773815
-1.4499178823921
-1.4999999333969
-1.49999974505645
-1.4680873868973
-1.4832676553523
-1.50000023408405
-1.4999993486533
-1.44531005041235
-1.5000004690398
-1.39690647423755
-1.50000080660545
-1.4999999209646
-1.375560836565
-1.50000009364035
-1.5000001113531
-1.3952008837261
-1.4999997380708
-1.50000026196765
-1.5000002001383
-1.5003696095573
-1.50000047716125
-1.4437744893201
-1.37879126678925
-1.5000007059952
-1.49999945548915
-1.5000002182119
-1.49999938466285
-1.45501907199175
-1.4999994928526
-1.49999941944695
-1.4999995042757
-1.4999999582525
-1.49999989437255
-1.5000002216657
-1.5000003879211
-1.50000051535035
-1.500000037842
-1.4999999588576
-1.4908199714104
-1.50143972013925
-1.34633570876765
-1.43699611265265
-1.49999965899515
-1.49999935237
-1.4232376251702
-1.49999988536455
-1.49999963796865
-1.5000004035525
-1.49999973327235
-1.4999998608831
-1.500000787703
-1.40985604172065
-1.49999970542755
-1.50000033332845
-1.46605424860845
-1.3956661941996
-1.4999996700666
-1.5000002795894
-1.4999999283963
-1.44528617935245
-1.5000003858117
-1.4462642737823
-1.5000002759585
-1.50000021805315
-1.499999762885
-1.4244690128209
-1.49999968003995
-1.49999959484925
-1.50000040353445
-1.4999997656898
-1.48110775972735
-1.50000108059205
-1.4999996384653
-1.500000628879
-1.5000002125751
-1.48341777908775
-1.5000002862079
-1.43980272255785
-1.4999994603522
-1.4839169862113
-1.4999999004084
-1.49999942150455
-1.4159758355309
-1.49999954711295
-1.5000002475209
-1.45010507675825
-1.47568766851845
-1.47689275181355
-1.49999987773755
-1.5000002480602
-1.5000001479673
-1.49999949653895
-1.47335354119765
-1.49999941563375
-1.4999996400148
-1.50000003091775
-1.37723961324355
-1.4999996540898
-1.5000001257319
-1.3666825013862
-1.4999998176157
-1.4999998343502
-1.5000001073913
-1.4145256727121
-1.5000006061197
-1.5246956861901
-1.4175209354894
-1.4304521463504
-1.4999998918819
-1.42081124065305
-1.49999949970785
-1.49999962963005
-1.50000023111025
-1.49999988421365
-1.3972963713183
-1.43484903672675
-1.50000020427615
-1.49999974907455
-1.4374009951039
-1.5000004512547
-1.49999961096765
-1.4528100748668
-1.47912302797015
-1.4985351953867
-1.3581803038354
-1.4616657418979
-1.3715330699451
-1.5000001921987
-1.4998733104771
-1.362256341609
-1.4995960691804
-1.49999991907175
-1.49999927072625
-1.40158402752825
-1.5000007658535
-1.4999998107121
-1.49914527643525
-1.3859675290712
-1.50000028011325
-1.44702276320545
-1.5000002479638
-1.4999998966871
-1.4161140121311
-1.5000003442799
-1.49999968227395
-1.4999998415475
-1.500000247227
-1.50000010385815
-1.49999949944715
-1.5000001304533
-1.47375464087985
-1.49987438272525
-1.4999996040629
-1.42564343549235
-1.49999993761895
-1.4269497110038
-1.50000015465825
-1.5000004773668
-1.50000011164945
-1.4097914108947
-1.49999948709285
-1.5155293938872
-1.4645095094509
-1.46411280628795
-1.49999983978405
-1.47102785857095
-1.3835667975098
-1.50000060710175
-1.43462402168745
-1.4711484650324
-1.3350662226906
-1.50000004286365
-1.50000046754185
-1.49999941849755
-1.4556239048256
-1.50000011998445
-1.3963784611909
-1.4633710420104
-1.4332162011204
-1.490838376139
-1.5000002076741
-1.4999998939927
-1.4720149608534
-1.49999992570705
-1.4999995082092
-1.50000018140865
-1.4960652625782
-1.5000000697161
-1.48144417652605
-1.4999999665548
-1.44118031354745
-1.50000096975055
-1.50000028497595
-1.50000026343575
-1.43321407338515
-1.418853654109
-1.46127953440565
-1.4999996905604
-1.50000082904915
-1.3486630068757
-1.49999991830605
-1.4783764007345
-1.5000004250805
-1.3990022659833
-1.4481435006428
-1.50000008132005
-1.5000002590812
-1.49999995612645
-1.50000030368985
-1.500000426648
-1.50000051058535
-1.49999981418325
-1.4235525216951
-1.499999699249
-1.43689235512015
-1.50000017718685
-1.4767230134403
-1.500000622714
-1.500000014237
-1.50000046670095
-1.458769672148
-1.44576264915425
-1.49999977331425
-1.4999997968317
-1.427800439346
-1.50000054675065
-1.50000011819935
-1.36736189080605
-1.50000015686295
-1.50000014068885
-1.4152039357276
-1.46052484913
-1.3942358076995
-1.4999997737891
-1.49999947034055
-1.49999938357655
-1.4481636422864
-1.4999991896939
-1.499999918467
-1.38912566080505
-1.3577533050049
-1.462759745854
-1.4999994405119
-1.50000085272275
-1.486601081912
-1.4999999813405
-1.499999878479
-1.47889329309025
-1.4765814585175
-1.4281771969354
-1.5000000628773
-1.5000003698121
-1.3498669647176
-1.4999999781587
-1.47568069962925
-1.4575747940641
-1.49999991747805
-1.5024869609349
-1.41238619874205
-1.4999996571912
-1.4321512361023
-1.5000003439954
-1.43590656427405
-1.4819970869138
-1.39292853682045
-1.5000002702913
-1.4999999203137
-1.4904178680323
-1.49999938187305
-1.4999996870486
-1.50000020865195
-1.2239661242754
-1.50000019676395
-1.4814641333339
-1.4999999265685
-1.49999956517865
-1.4999996672555
-1.4999993235773
-1.42000237674175
-1.49999977128495
-1.42056400684775
-1.5000000009666
-1.45677438075205
-1.5000005054353
-1.50000009250485
-1.4999998645285
-1.5000002002292
-1.41165857877595
-1.4999997432255
-1.49999978755145
-1.49775843080155
-1.50000099653895
-1.5032535449629
-1.50000012840435
-1.5000000775679
-1.4999995958433
-1.5000004856437
-1.36449645028505
-1.48108880189805
-1.40729963709565
-1.4089381317271
-1.49999959146605
-1.4036247080348
-1.499999449701
-1.4999997633616
-1.4018800336313
-1.5000000400346
-1.5000007088731
-1.5000005139735
-1.4048800462884
-1.4699313997845
-1.49999997193305
-1.3543034000227
-1.50000039590285
-1.46290419645295
-1.43990819770295
-1.48172401340985
-1.50000024744135
-1.3855456010844
-1.47351691767
-1.37711630716195
-1.5000001869687
-1.499999980498
-1.4516234943784
-1.50000031321945
-1.5000005843766
-1.4999999706667
-1.4999990016657
-1.46724429366515
-1.4423322647919
-1.4502115842768
-1.5000002412325
-1.4976132152609
-1.4999996389724
-1.50000022983615
-1.4435293641644
-1.50000020619845
-1.49871247887195
-1.49999992651855
-1.4999999950238
-1.49269062604175
-1.5000002694997
-1.499999754504
-1.42410790971665
-1.4999994312755
-1.5000003909771
-1.4999997577015
-1.50000012757825
-1.4706510809105
-1.50000008869485
-1.34124287343995
-1.49999880579615
-1.49874882780495
-1.49999950334645
-1.4754938008087
-1.38234129432205
-1.5000000166262
-1.50000050661245
-1.4999993374218
-1.5000002236609
-1.50000030272425
-1.4604297385316
-1.49999972620575
-1.5000001547676
-1.42564607368845
-1.50000000278755
-1.49954620657945
-1.4999997052111
-1.4866870738409
-1.47096552319905
-1.49999942815705
-1.47858532032525
-1.5000000898802
-1.4999998082225
-1.45488996156935
-1.5000003259738
-1.4999997636212
-1.49999942741695
-1.4999998774841
-1.47525789313235
-1.50000060675065
-1.49999953310115
-1.50000023631725
-1.3730566592901
-1.3508911464992
-1.50000039806795
-1.49838897926675
-1.4772094335968
-1.5000003345748
-1.493899036833
-1.50000010559215
-1.49999992653975
-1.3958714627675
-1.41188045272205
-1.491416896675
-1.49629412334605
-1.50000014298195
-1.5000006427011
-1.50000001457025
-1.47085157407565
-1.49999992822485
-1.40366110704835
-1.50000040203065
-1.50000052013445
-1.4552701046693
-1.36396431709565
-1.49999922173065
-1.500000124311
-1.39172999269215
-1.4999994375672
-1.50000048398775
-1.50000061844275
-1.5000001742728
-1.5000004887934
-1.4999997848473
-1.5000002353959
-1.50000003423665
-1.42446405407595
-1.50924834196105
-1.4925238101974
-1.48511499311615
-1.43154802617365
-1.49999930642185
-1.50000051661855
-1.500000179907
-1.4999993793744
-1.49991520030185
-1.4999998599471
-1.50000005278695
-1.5000006915801
-1.50000002289785
-1.50000020719015
-1.5000000714084
-1.39876678582295
-1.49999921661865
-1.3809229119415
-1.50000059716725
-1.49999944605335
-1.37618232511275
-1.3652535151736
-1.50000003836285
-1.500000319052
-1.49999919382755
-1.4728238622211
-1.49999985034385
-1.49999967174665
-1.4999999107179
-1.4494500249931
-1.5000006321478
-1.35833775286355
-1.43647486875405
-1.4622388127662
-1.50000059822515
-1.50000062449345
-1.50000059100805
-1.49999967039225
-1.50000059857345
-1.4455224644558
-1.4926799572055
-1.4999994616367
-1.50000050760975
-1.4809653904934
-1.50000027898435
-1.49999939180095
-1.4999902688421
-1.48597257031695
-1.4999999121692
-1.39688937627005
-1.5000007793868
-1.43196055262855
-1.49999951287215
-1.50000068345525
-1.4910962985566
-1.4999999332946
-1.3896318127373
-1.49999948986505
-1.49999943544955
-1.44172714555175
-1.49707334235205
-1.5000002162459
-1.4999994276587
-1.49999980104565
-1.49999962881235
-1.49999971518565
-1.33046506798255
-1.4701316498821
-1.40124046439455
-1.38304814444305
-1.4574569110121
-1.49999982638365
-1.50000011737805
-1.4999999847435
-1.50495764949265
-1.5000000340675
-1.4999998745923
-1.49999888271715
-1.50000075337945
-1.4999998044615
-1.49819767341325
-1.49999986665425
-1.50000048227675
-1.4999996024388
-1.4999999901795
-1.5035515870095
-1.4355856063454
-1.499999908662
-1.49999999825145
-1.49999994595815
-1.466098974748
-1.50016215546245
-1.4999998413691
-1.5000009604536
-1.49899969674235
-1.48083858739175
-1.45398762435855
-1.50000020455785
-1.50000010865185
-1.5000009953621
-1.4999998453017
-1.4990674792792
-1.43037988140675
-1.49999948054475
-1.49999904409465
-1.4999987599986
-1.4999990265058
-1.4053333760379
-1.50000009251545
-1.50000011697425
-1.499999169752
-1.4767055645073
-1.42457583216525
-1.4999995210338
-1.3742544063049
-1.4999988310138
-1.49999968143385
-1.5000001682922
-1.5000003656532
-1.4999993447476
-1.5000000667254
-1.49999983605985
-1.5000003577246
-1.47046503142395
-1.5000001906505
-1.500000249113
-1.49999993652075
-1.5000002436036
-1.4926542533208
-1.50000012172095
-1.49999988146855
-1.4474275740021
-1.4356279462154
-1.4806920684751
-1.48397910740615
-1.44342737961745
-1.50000063095095
-1.45544267414445
-1.49999980083115
-1.3760999854004
-1.5000007205056
-1.49551944253275
-1.49999981083855
-1.5000002109596
-1.4392921419863
-1.4374599128538
-1.5000005835316
-1.487816748514
-1.40621341256035
-1.49999985595805
-1.45236244772175
-1.4999998325039
-1.4999993939431
-1.5000004037126
-1.49999961171645
-1.48937523443755
-1.3291570195279
-1.5000003801195
-1.4985760270889
-1.5000002788092
-1.4474263939306
-1.4999999321617
-1.5239476520173
-1.50000008189295
-1.500000697762
-1.49999939550695
-1.4949522057383
-1.49999990825725
-1.49999942573555
-1.32021547392895
-1.45222082792205
-1.4726702763221
-1.4311941655258
-1.4999996085952
-1.50000053751385
-1.49999957778965
-1.50000028906725
-1.4999996509373
-1.3785062510123
-1.4329752278527
-1.5000001651868
-1.48411263648955
-1.5000006436054
-1.42570352377155
-1.50000046076905
-1.4305405230009
-1.49700861053555
-1.3190140270213
-1.375333528037
-1.5000004518664
-1.50970526131065
-1.4999997347588
-1.4827485043988
-1.49999933608815
-1.433774227942
-1.5000004658304
-1.40322121249
-1.3926682834598
-1.476158223565
-1.47192855690015
-1.50000073410055
-1.5000001799518
-1.50000032501125
-1.50000069703445
-1.3874640367039
-1.4430096166551
-1.48921836962025
-1.50855101275405
-1.50000022567205
-1.49999994346215
-1.4779414749002
-1.4999999921821
-1.4999994699644
-1.50000047666855
-1.49999908854345
-1.4705771331259
-1.45745746306115
-1.49999985038555
-1.4381188516287
-1.5234835964041
-1.5000002324977
-1.4999998563739
-1.49999992746155
-1.4364401804739
-1.4999998437686
-1.4500486429575
-1.5000001004612
-1.50000000166855
-1.50000083406445
-1.48397452073885
-1.500000320216
-1.49385652947045
-1.49999988432005
-1.4198096109839
-1.5000004759793
-1.39500650965045
-1.50000033967985
-1.48934820376085
-1.4999994452386
-1.5000004069981
-1.44219531626575
-1.49999969224845
-1.50000074096475
-1.42600214419285
-1.50000083481535
-1.4622934565637
-1.50000021161535
-1.4999993641639
-1.5000004526916
-1.49999940680685
-1.4999996448687
-1.4999998696493
-1.5000005292518
-1.5000003753749
-1.4999998555631
-1.5000005314965
-1.49999938998045
-1.466547297106
-1.49999985837645
-1.4423891959722
-1.500000316061
-1.43304791886895
-1.5000004425186
-1.50000018485095
-1.4978500175284
-1.46287156209205
-1.49999982973545
-1.49999996859575
-1.50000028863245
-1.4999989971683
-1.50000061613305
-1.49999970705025
-1.5000004970112
-1.4999994834181
-1.4999994076752
-1.4999997559191
-1.50000030584565
-1.43472406348405
-1.407018070395
-1.49999920976985
-1.50000036491705
-1.4999988323238
-1.46243049102675
-1.4999996639689
-1.457854986739
-1.49999958561795
-1.49999973076705
-1.46151642245785
-1.50000002795095
-1.4999999278709
-1.39046858921925
-1.4999999498149
-1.49999960654645
-1.48278140410585
-1.50000003453075
-1.5000003115705
-1.4999991590129
-1.4219052302363
-1.49285355018045
-1.4999997377597
-1.4999999828915
-1.4999997753475
-1.46556587697745
-1.50000038953695
-1.48612591161985
-1.50000018938805
-1.42059647298045
-1.5000000445289
-1.49999982915445
-1.4409468592858
-1.5000000103678
-1.49999982655295
-1.4999997679262
-1.50000012571975
-1.50000048581875
-1.35839406092055
-1.50000017580445
-1.4652617101429
-1.42981895882465
-1.50000036297585
-1.48446572256235
-1.48462411486105
-1.50000083698545
-1.4717085980024
-1.5000002459963
-1.4999995196211
-1.4550557753048
-1.5394871063393
-1.49999943973635
-1.5000006445517
-1.44617334682365
-1.49999959114915
-1.4860051883584
-1.50000038275325
-1.50000035102425
-1.4032153967674
-1.3821299177304
-1.44313748031465
-1.5000000727407
-1.4999995977514
-1.50000018911005
-1.49999952980825
-1.4935631477945
-1.4763306665153
-1.50000014478335
-1.49999994975345
-1.50000033087205
-1.3210500865617
-1.47667573495835
-1.5000001016664
-1.5000007603447
-1.49999988550755
-1.42579773302345
-1.496504987782
-1.4780319406397
-1.44198114329605
-1.4999999677491
-1.4999999013716
-1.49999896487745
-1.5000001610258
-1.50013100008635
-1.5000002521258
-1.50000006188105
-1.393184399459
-1.500000493718
-1.49999969869995
-1.49999964549865
-1.5000001818762
-1.4451516750244
-1.4542657540783
-1.49999974405035
-1.50000038938795
-1.5000002024605
-1.49999950062565
-1.5143549223713
-1.3491953873959
-1.49999959560335
-1.4999996738862
-1.500766006178
-1.50000012052425
-1.4959992674308
-1.5000004438432
-1.46919610992405
-1.4679209451026
-1.4999992463928
-1.49280327537375
-1.4999994618661
-1.4953635267178
-1.49999982766105
-1.4999993659178
-1.4165993364026
-1.48212711736665
-1.4999996381931
-1.49999965881695
-1.49073735854215
-1.5000001113293
-1.48114711004445
-1.5000001859958
-1.499999647929
-1.4250190756853
-1.4127773631184
-1.4999997644195
-1.49999985176535
-1.50000012075815
-1.50000039184245
-1.40047965542165
-1.49999981855885
-1.5000007387198
-1.4999998797706
-1.51432782045935
-1.49658686275245
-1.4999996481158
-1.50000083296675
-1.5000002671133
-1.4999990205614
-1.4209034768478
-1.49999959180675
-1.499999014263
-1.5000002355532
-1.37410085926845
-1.4956759287599
-1.32163348495325
-1.5000000353082
-1.5000000979254
-1.4976938318699
-1.4999998721832
-1.45761652781785
-1.4999999403933
-1.49999998407505
-1.3948162723922
-1.49284279014945
-1.50000040649155
-1.4718096581078
-1.5000002529532
-1.45538990459165
-1.4999993612917
-1.50000021360405
-1.47374542077095
-1.4999997237033
-1.5000005251725
-1.4723928662936
-1.49999979402275
-1.50000017072105
-1.51617938157825
-1.49999981815665
-1.47575332826555
-1.3290955288862
-1.3544010236391
-1.50000030695665
-1.4999995877934
-1.50000041530405
-1.49999996141675
-1.5000007258089
-1.49999995838585
-1.47406138005165
-1.49999988818615
-1.3431316488699
-1.50000051850345
-1.49397616573075
-1.5000002147114
-1.50000094630155
-1.4984241530353
-1.48374051675765
-1.4999999196937
-1.31913937593045
-1.43543537747825
-1.45243556462585
-1.5000000820929
-1.4999999905118
-1.4686654839169
-1.49898414088315
-1.4158198949387
-1.50000004576565
-1.5000008024508
-1.49999944868485
-1.49999999772485
-1.33302114848125
-1.50000020579145
-1.49999996920485
-1.40094739371025
-1.49439039091105
-1.50000039463255
-1.4999999129704
-1.46119939666595
-1.5000011599176
-1.50000003875495
-1.49999918539675
-1.4999999721713
-1.4842315548761
-1.444556354905
-1.4305697788185
-1.49999973496475
-1.4960301486444
-1.4994323660981
-1.40212266745345
-1.49999967597545
-1.4999991897325
-1.4999995916229
-1.50000010202865
-1.49999966900325
-1.499999580785
-1.4427431198687
-1.49999977745935
-1.4999998964154
-1.49999940617325
-1.37045452059575
-1.49999923050805
-1.4999998171141
-1.5000003104875
-1.50000021522215
-1.44636915085865
-1.4076198650262
-1.5000001751983
-1.50000031897575
-1.49999976199975
-1.5000006413863
-1.46442748561285
-1.50000006142265
-1.498636312256
-1.4999998920425
-1.50000067769005
-1.49991313025235
-1.49999989055605
-1.49999993591105
-1.4999997947348
-1.5000005957907
-1.43908273228275
-1.4781596266689
-1.48674852306775
-1.49999955642075
-1.4999999354081
-1.5000001672928
-1.4999996421095
-1.38595392121805
-1.4893975834011
-1.4967551334344
-1.35451758175145
-1.5000005873753
-1.4142633852653
-1.49999965633005
-1.5000007081588
-1.50000000398935
-1.4042010517062
-1.5000007551026
-1.50000002474025
-1.50000003758235
-1.45550723002805
-1.4999998317351
-1.5000001826269
-1.49999963434415
-1.49757167931195
-1.42255599617395
-1.5000003503362
-1.4999995570243
-1.51899788837345
-1.500000056054
-1.5000000826221
-1.49999934648325
-1.500000681968
-1.44210760288615
-1.32212044148435
-1.50000035160305
-1.5000000223117
-1.5000001514995
-1.49999843425105
-1.43543396674065
-1.37453494242295
-1.4999998167759
-1.49999986298835
-1.49999934240305
-1.50000062127315
-1.4999998492556
-1.49999989902965
-1.49999964656985
-1.50000031536345
-1.50000023304885
-1.4663303627673
-1.4768548187394
-1.4484378098715
-1.5000004358589
-1.49999999952475
-1.5140675449627
-1.49999997369345
-1.4999999627983
-1.5000001768443
-1.5000003132985
-1.49452965636585
-1.50000008918655
-1.5000000571626
-1.49999960186195
-1.4999992620538
-1.5000001860823
-1.5000000946811
-1.4401842391571
-1.5000001217247
-1.47363746814795
-1.4999999327082
-1.49999997309645
-1.50000018472595
-1.4582775722892
-1.46712286450935
-1.4264916582906
-1.50000023686165
-1.49999970946655
-1.50000004704815
-1.4999999150693
-1.48836361851775
-1.50000041004915
-1.5000001325425
-1.5000001833288
-1.4150993143116
-1.4328488484007
-1.36738176295335
-1.50000027840775
-1.50000019347305
-1.4999995715462
-1.49999922572355
-1.5000000181328
-1.43509292861735
-1.50000003738825
-1.49999908100855
-1.4347378427629
-1.46437669833205
-1.4999998725428
-1.3970543889974
-1.4999995925329
-1.49079072390075
-1.5000001697763
-1.50000090809155
-1.49584836410795
-1.5000002017239
-1.39706922075525
-1.50000012367625
-1.49999977709035
-1.5000004904166
-1.47715529883865
-1.50000091951235
-1.4999997444772
-1.42516218351365
-1.49621889070415
-1.49999960090355
-1.3724952165793
-1.4999990642536
-1.45576100678275
-1.4681685466234
-1.49014933159525
-1.48223576997105
-1.50000007748065
-1.3589780549255
-1.50000008921035
-1.49999984543345
-1.4424938004458
-1.49999943079225
-1.5000002125156
-1.49999984975965
-1.49999987832845
-1.4102728248378
-1.4999997632982
-1.49337083253475
-1.45593341856955
-1.50000040406085
-1.4212754052243
-1.4999996971905
-1.4999996719524
-1.5000000378808
-1.49999948598285
-1.50000022657165
-1.48659587003555
-1.49999993577915
-1.49999982316525
-1.49999997497815
-1.49999969098685
-1.5000001972556
-1.5000000908706
-1.4929623092787
-1.50000036181025
-1.4981897866707
-1.44621234384155
-1.50000022225355
-1.4260294893716
-1.4999996425908
-1.4999995141141
-1.50000028144775
-1.4162825827781
-1.4698501593591
-1.50000027257185
-1.50000004120375
-1.4999998312661
-1.4690745885464
-1.49999986255145
-1.49999895013705
-1.45187748126585
-1.49999992882415
-1.43590513573405
-1.5000006512707
-1.49999985960185
-1.49999940395805
-1.37036257721455
-1.4954885254629
-1.424727072113
-1.4380511926961
-1.4688477980501
-1.4999999470659
-1.50000057858235
-1.4616982822352
-1.3838948563168
-1.49999992832425
-1.4525777206073
-1.50000091441545
-1.500000777626
-1.4998667952071
-1.429164696047
-1.50000014693965
-1.46757710810195
-1.4409342154529
-1.33497042728495
-1.49999993718935
-1.5000000219187
-1.3561706588689
-1.4838920363165
-1.5000003247716
-1.49999934080425
-1.4589093389894
-1.4552506977255
-1.4913683578105
-1.50000053257025
-1.4999995854464
-1.497741449347
-1.4003517812981
-1.49999971945395
-1.4999996319537
-1.4342315381164
-1.4525171305494
-1.49999962812275
-1.49999930729845
-1.49999992732935
-1.49999930157205
-1.499999701719
-1.50000042002585
-1.50726844669945
-1.4999999718448
-1.4966186765569
-1.38328737710255
-1.4522110184524
-1.4999996216085
-1.3333683081806
-1.4768988461453
-1.4412081994261
-1.499999688024
-1.3197437839409
-1.41579671854745
-1.47158448007985
-1.50988062812045
-1.5000004455617
-1.50000053723795
-1.4620890751009
-1.4129907201584
-1.47567156031835
-1.4999999099609
-1.50000001929735
-1.49999943888535
-1.41408156080125
-1.4999997445262
-1.4650081852417
-1.3808972795411
-1.502370424454
-1.34925788456685
-1.4256308345952
-1.49999951554035
-1.4999999094089
-1.4370324007511
-1.4405214344939
-1.41546737399535
-1.4999999205641
-1.38215671904105
-1.46192802135685
-1.52144273394615
-1.50000024074265
-1.4294136494172
-1.50000033132505
-1.4910096122564
-1.49999994194935
-1.48801658749005
-1.4999997488735
-1.500000255493
-1.50000055519705
-1.49970394022775
-1.5000000882689
-1.4999998986345
-1.4999994516286
-1.50000035521625
-1.50000020305945
-1.4999993565801
-1.4622786439404
-1.4999999425645
-1.3754888128314
-1.49891598630335
-1.49999977248655
-1.5000005128307
-1.49418307059215
-1.4830087635872
-1.5000001310432
-1.5011923413294
-1.42057521075405
-1.32713327198015
-1.50000034384535
-1.50000007107375
-1.4872819688437
-1.48864817716945
-1.49999935265575
-1.37031163527835
-1.4999999341734
-1.5000004045247
-1.47329605190855
-1.50000020400575
-1.50000003741475
-1.5000007504718
-1.4999998402922
-1.4999994458101
-1.50000054503385
-1.47645405691305
-1.4287868909181
-1.43363788249735
-1.45637800016325
-1.49999954890135
-1.50000027373885
-1.441663944776
-1.4820907618433
-1.41796209911895
-1.42238208162145
-1.5000003463615
-1.49999956618345
-1.37298279406895
-1.46930895273055
-1.49077625547025
-1.5000004161246
-1.4999998760662
-1.4999994801902
-1.49999965808925
-1.49035874063375
-1.49999980638255
-1.42115675055905
-1.4999995930278
-1.50000033632855
-1.49999983853385
-1.5000006928617
-1.50000033591395
-1.49999953659715
-1.3961345299791
-1.5000005719898
-1.4859923176889
-1.50000025453265
-1.49999976131885
-1.49999999506395
-1.5000011356151
-1.49999937127765
-1.500000310906
-1.5000003506317
-1.5000006627183
-1.4999999286924
-1.41112688474535
-1.50000056110425
-1.49999991027425
-1.49999999251795
-1.5000000498568
-1.500000520986
-1.5000001207617
-1.524438757625
-1.50000002169115
-1.4743884922866
-1.50000041788135
-1.45810018292685
-1.50000004290785
-1.49882257729
-1.49999971325645
-1.49944850854845
-1.4825142554724
-1.499999730968
-1.49999973584525
-1.4777270566883
-1.49764691891155
-1.50000033879265
-1.49999966765295
-1.4999996504017
-1.36990379564055
-1.50000029414815
-1.4746741567081
-1.4814440689056
-1.4999993095401
-1.40294620152885
-1.4856790578714
-1.50000001115005
-1.4909535646471
-1.49999981184115
-1.3740509795431
-1.4796109099219
-1.50000011287575
-1.49999989862535
-1.4574890291868
-1.47368784275535
-1.5000002789725
-1.42055553642315
-1.4972105523535
-1.4908831315757
-1.36069032061735
-1.44031502996695
-1.49999979686465
-1.4320496076679
-1.50000021986215
-1.4999995671442
-1.4149899670624
-1.49270814911495
-1.50000057782625
-1.49999918875745
-1.50000014224705
-1.45068940681
-1.5000010833852
-1.4999999859296
-1.49999978000665
-1.5000000778565
-1.4901748229037
-1.45429234694965
-1.5000002070134
-1.44850817640485
-1.500000266685
-1.4596649769549
-1.5000003835536
-1.50000023225515
-1.4348299932127
-1.5054233921218
-1.4448630327602
-1.49844877170035
-1.49391871499555
-1.4999995914979
-1.35336893871985
-1.50000039492145
-1.5000000050907
-1.50000059130995
-1.4999997261045
-1.5000001202557
-1.4579531136634
-1.50000002522485
-1.37965323717315
-1.50000027388525
-1.50000027513205
-1.49999976413715
-1.50000045988165
-1.49999971921695
-1.3720545182405
-1.4701174008668
-1.4999994551498
-1.35609873582095
-1.32381534412475
-1.4999998392322
-1.49999974558285
-1.39454045020255
-1.44391676769285
-1.500000469488
-1.5000000760785
-1.38590802396835
-1.499999454237
-1.44090415730595
-1.5000003715878
-1.36042561212075
-1.48008165903185
-1.5000000951856
-1.3965778802918
-1.4999995452862
-1.50000026611505
-1.5000002573004
-1.499999676369
-1.50000044074595
-1.49999924904295
-1.500000233609
-1.50000037473775
-1.4999996189806
-1.4999996207945
-1.455364331716
-1.47162875039165
-1.4610105126352
-1.45199744017845
-1.49999969602685
-1.4068749998636
-1.48751314369255
-1.37966338994405
-1.51621616621
-1.49999962443285
-1.4999989230593
-1.50880395275
-1.36847441177485
-1.41446101168975
-1.4985047155775
-1.4999999421974
-1.50000046636865
-1.5025224811833
-1.4926847968645
-1.32638040462915
-1.4885376719447
-1.3972629186318
-1.49999943281565
-1.49512202058355
-1.4231407432784
-1.491336802978
-1.4227092371683
-1.49999982417095
-1.50000036923065
-1.4999995205713
-1.50000065739995
-1.49857294540775
-1.50000034302575
-1.4913086877495
-1.49999973149505
-1.35035126509555
-1.4999988576124
-1.50388080616275
-1.4999999198834
-1.5000002812629
-1.49999989668765
-1.50000035916725
-1.5000006452546
-1.4760378719433
-1.4837280706282
-1.49999969784235
-1.47467518178745
-1.50000032995635
-1.4999991249148
-1.4999990889039
-1.43489378230755
-1.49817204864175
-1.5000000898782
-1.47316983295565
-1.5045227451665
-1.4994988037984
-1.50000048613245
-1.4999999223935
-1.4300140172868
-1.3894384623025
-1.49999971278935
-1.48715800723335
-1.50000001967855
-1.428416120864
-1.5000000799361
-1.3941173552205
-1.4411551153405
-1.50452576778825
-1.50000024557655
-1.3806034928428
-1.4999998807247
-1.4468326493892
-1.50000026655445
-1.48885300040985
-1.5000005750974
-1.3862015143962
-1.4999997229236
-1.48108404903525
-1.48861510522275
-1.49999989619325
-1.49246172923905
-1.41666594529315
-1.50000076477325
-1.38267330733135
-1.48831086065665
-1.49999975647895
-1.50000037168515
-1.49999969009915
-1.42689449713525
-1.4999995807859
-1.50000011826355
-1.49999965668565
-1.3639126809525
-1.4999999117239
-1.41521893756195
-1.49999920330345
-1.4285388700994
-1.4999993700727
-1.4616054412274
-1.4926060403953
-1.4196368621897
-1.48884707151685
-1.49940769315265
-1.499999862443
-1.500000359599
-1.40657058740145
-1.5000000477539
-1.49999887009265
-1.4999995730235
-1.50000017107485
-1.4327341247569
-1.4861343706266
-1.44326224940125
-1.44239035005275
-1.48561722325555
-1.49999979838495
-1.42440529118995
-1.42383081420755
-1.49999900179965
-1.49999969589965
-1.5000000662184
-1.4216973683764
-1.4999996159418
-1.374854672403
-1.49999988960005
-1.4999991603073
-1.50000034487865
-1.393718243643
-1.49999994836185
-1.4999998480907
-1.34541996811355
-1.50000006853965
-1.4999997171635
-1.49999978161295
-1.4999998872123
-1.4999999845815
-1.4352688925888
-1.5000004769376
-1.5228262112441
-1.36020633425845
-1.4747283129742
-1.43188438388325
-1.50000016883605
-1.5000001548637
-1.49999985923855
-1.4319441177424
-1.49035505695255
-1.4999998856165
-1.50000020548225
-1.49999991566005
-1.42524315276245
-1.49999974726035
-1.34322534949755
-1.4721832449248
-1.4811980865742
-1.48016921106135
-1.5000003371573
-1.50000011685585
-1.50000091812075
-1.35433666459495
-1.44947687563045
-1.49999931916615
-1.50000054167305
-1.5000003902935
-1.49999933463705
-1.4999994726504
-1.4746100555262
-1.49999957763355
-1.49999934356465
-1.3428319074118
-1.46736248712775
-1.4902194672215
-1.4999998820609
-1.4422068026997
-1.50000016994235
-1.5000001635611
-1.50000026627285
-1.50000074575165
-1.4885939748543
-1.50000042094935
-1.50000001867635
-1.3525050406034
-1.51362594081015
-1.4215060273835
-1.4999998492298
-1.4524570672826
-1.49999883355975
-1.4999999526681
-1.44299959390715
-1.4999996773683
-1.42956112783815
-1.4060612800435
-1.5000004015605
-1.3889412414495
-1.4601650430411
-1.4999993648399
-1.4999999510421
-1.5000002613861
-1.4999995526334
-1.49999962069315
-1.4246794206643
-1.50000065751935
-1.42033226432685
-1.4999996913036
-1.48088896500905
-1.5000000991071
-1.5000001312235
-1.499999975085
-1.49999947248605
-1.50000000278475
-1.500000541563
-1.50000021524145
-1.3841789879722
-1.49999947227015
-1.49999962870445
-1.4999995652483
-1.4999999272594
-1.49999981878155
-1.392055743221
-1.46714930883065
-1.49999926966755
-1.3731183162836
-1.46754462706985
-1.5000002087405
-1.46750738925235
-1.45897895700265
-1.4999997956587
-1.4918016619608
-1.50000034249135
-1.49167501705825
-1.5000002329204
-1.46477075794775
-1.50000021269075
-1.47853964371145
-1.49972108836475
-1.49999950107135
-1.5000003937026
-1.49999974413385
-1.4987244993693
-1.49999989972875
-1.3582625835416
-1.5000000638887
-1.4683460706984
-1.50000050678175
-1.41107473385045
-1.50000024940005
-1.4802242906608
-1.5000001157314
-1.5000002413583
-1.43173808658185
-1.44092211246065
-1.47359017300445
-1.4999996555623
-1.4999993085768
-1.45092291402395
-1.4999995957308
-1.4788202789376
-1.489988871726
-1.49999964522805
-1.5000004527914
-1.4626134897272
-1.4706570232391
-1.5010636269942
-1.50000005270885
-1.48920232042185
-1.4999999061571
-1.4685976838265
-1.49999991313385
-1.4324179414692
-1.5000003788598
-1.49999947888765
-1.3129731775771
-1.50000016552705
-1.50000027435245
-1.5000005686749
-1.49999945536045
-1.50000032556645
-1.53243652302565
-1.43582105208885
-1.50000010880315
-1.50000043167545
-1.5000000050198
-1.47711291479555
-1.34763693511215
-1.4179861679166
-1.49999975670435
-1.5000001040555
-1.50000080821085
-1.3538719433605
-1.5000004832478
-1.49999982201655
-1.5000000738073
-1.4999993737298
-1.5000003505236
-1.4519840376177
-1.49999996011525
-1.484178388929
-1.49999926728095
-1.49852375652995
-1.50000016587905
-1.4908437936446
-1.46971208294185
-1.4022795123688
-1.4570737419711
-1.49999962687475
-1.4185666799237
-1.486421053179
-1.50000062461225
-1.4999993488931
-1.49999960200995
-1.50000022205415
-1.49999969086835
-1.45835623096935
-1.5000002859005
-1.50000010782175
-1.4999994483817
-1.5000000932972
-1.49999959862855
-1.499999373904
-1.3498295152997
-1.48025594878205
-1.3274412993768
-1.4004567638755
-1.49503671748805
-1.49999960489605
-1.4999999228641
-1.5000000406272
-1.5000002221856
-1.32328456150085
-1.44142581180595
-1.45389231762405
-1.47126066762255
-1.3854169243315
-1.5000001122296
-1.4999996192166
-1.50000080792185
-1.50000023294615
-1.43424231928275
-1.49999975737095
-1.38795873145535
-1.47416341184605
-1.47316108429525
-1.4636749094882
-1.4794521415798
-1.4999993862301
-1.49999998539175
-1.4999998772994
-1.41019998638275
-1.4659820941756
-1.39334433028635
-1.4999992914347
-1.50188821430825
-1.49999943590095
-1.50000008301405
-1.49999986268555
-1.49999965245895
-1.38107104862
-1.46003357970305
-1.50000001675805
-1.373174194618
-1.49999982220295
-1.4608718009012
-1.5000005943351
-1.48241678917455
-1.4999997221886
-1.4646554856833
-1.50000036702435
-1.43679913370385
-1.4999996812708
-1.5000000482172
-1.44431838643455
-1.39961656864715
-1.50000076057315
-1.5000002500441
-1.468380287906
-1.500000758381
-1.50000069753485
-1.49999999070305
-1.4999997486924
-1.4981769626612
-1.49999988798345
-1.49999980981135
-1.45435706792395
-1.49999976119845
-1.4999998983677
-1.50000027805825
-1.44200745434905
-1.49999994885865
-1.5000001046026
-1.4999997292047
-1.43940143343365
-1.4384086470562
-1.50000047549915
-1.4069025253562
-1.49999993969725
-1.45386386199905
-1.3770421415021
-1.49999946987925
-1.4999993747774
-1.4999999118631
-1.46504215945015
-1.4242649663492
-1.49999952186595
-1.49999965485495
-1.4999992849754
-1.4711308516385
-1.50000070671425
-1.49999983733325
-1.25345081087815
-1.4851560497792
-1.49999984362125
-1.45963949242125
-1.49999977578735
-1.50000030545285
-1.4999998958602
-1.5000001740782
-1.4999994517246
-1.50000002753285
-1.42640833426255
-1.49999961604085
-1.49999970491395
-1.3679873997752
-1.4999995105951
-1.34924628777705
-1.4660921518493
-1.50000023682405
-1.49999961701835
-1.5000004230487
-1.5000001886357
-1.49999966167545
-1.4701523490601
-1.5000005360948
-1.4523954862051
-1.50000022030695
-1.4999998978979
-1.50000096548355
-1.5000009077748
-1.4999994697715
-1.4999996920186
-1.42499845405545
-1.49999982259995
-1.4686320764305
-1.3720370559876
-1.4999999791013
-1.50000009811315
-1.50000023937145
-1.50000083351395
-1.49999975580845
-1.50000027073805
-1.5000000541701
-1.41153709113775
-1.4999995983095
-1.48364389853155
-1.4380238985173
-1.4740015538302
-1.5000002147872
-1.4999993446857
-1.49684605724055
-1.5000006406358
-1.432752364804
-1.49999969237805
-1.49999953303345
-1.4999996309835
-1.4999996337749
-1.49999995479765
-1.5000001765405
-1.49999978994875
-1.49999960527765
-1.49999965919705
-1.50000007218035
-1.4694054448048
-1.49999998172595
-1.50000036003395
-1.4999993767797
-1.5000001177295
-1.33186297536075
-1.49597481357155
-1.5000007274418
-1.49999998442495
-1.5000001695559
-1.4999994220669
-1.49999995045235
-1.48975590067165
-1.49141191645
-1.5000004321379
-1.50000009231515
-1.4876159724421
-1.46894156210535
-1.39289586679755
-1.4331669201623
-1.4999999787181
-1.49748879188245
-1.4999992215861
-1.4462288529024
-1.43481939946785
-1.3913422378795
-1.499999792108
-1.50000028375475
-1.50000041356135
-1.4999995265937
-1.49134431984955
-1.48684491950395
-1.5000000759212
-1.5000005116859
-1.3585951133991
-1.4458732990081
-1.5000005783379
-1.50000022529315
-1.44907307831735
-1.5000001082877
-1.5000002793604
-1.43961256970525
-1.49999945674915
-1.45345784904705
-1.45487702344395
-1.48603040958005
-1.4999998255486
-1.49999998370065
-1.49999966321175
-1.5000005063057
-1.3270125558768
-1.5000001898978
-1.4999990593225
-1.49344957502365
-1.4999995145777
-1.5000001643979
-1.41730318722105
-1.5000001917147
-1.49999987675905
-1.5000002047341
-1.376695295981
-1.48326378256875
-1.49720161687105
-1.471970183293
-1.45733859543745
-1.4999999971767
-1.5000002355627
-1.50000043492455
-1.49999950163025
-1.47883622280995
-1.50000012184255
-1.5126522929146
-1.34854102264455
-1.4999999275006
-1.49999973043925
-1.5000005375588
-1.50000034908875
-1.50000075254615
-1.48430522123205
-1.4593135797806
-1.49999992761345
-1.44398447718885
-1.50000012122995
-1.46268759620555
-1.49999982292355
-1.31868576983515
-1.4999994365711
-1.46293120669785
-1.37313131023345
-1.483350044005
-1.50000005373345
-1.500000097245
-1.5000001689069
-1.50000015673895
-1.48957052298275
-1.4999999601105
-1.5000001254027
-1.5000001693199
-1.4294011078511
-1.4999997996693
-1.4448927078386
-1.49232403050755
-1.48975878404865
-1.5000003148373
-1.48902390691505
-1.4399566381539
-1.49950335805715
-1.5000002701433
-1.4726678130988
-1.49262367077205
-1.49999986738805
-1.50000038759695
-1.50000009643355
-1.50000022291835
-1.4219105652435
-1.49999973343505
-1.3835964582852
-1.49897665774685
-1.5000005241
-1.3320408124172
-1.50000011597895
-1.48603192780695
-1.4999991938707
-1.49846117946505
-1.45712469771725
-1.50000082376835
-1.4999995694007
-1.4927536349609
-1.5000001793897
-1.46916279751875
-1.4014329946674
-1.41063632526515
-1.4600401496206
-1.40112986946845
-1.50000013162545
-1.43687520248775
-1.50000033843915
-1.4999993277246
-1.50000037507695
-1.33588910450105
-1.5000002947608
-1.5000002729894
-1.48206833265685
-1.50000022996715
-1.41769961672015
-1.50000018862505
-1.5000005007883
-1.5000002008824
-1.50800428845455
-1.4999996626381
-1.5000001549171
-1.500000518138
-1.41787900355205
-1.50000024378445
-1.4285829698382
-1.3892716368742
-1.4317602744992
-1.3913195935355
-1.4781464312312
-1.50000070370485
-1.48199223192845
-1.50000093136595
-1.4999997328013
-1.48806684784585
-1.49999968134175
-1.500000928292
-1.435341840684
-1.46686972775265
-1.5000003088089
-1.5000002536298
-1.4935857945892
-1.4742906423241
-1.4999998214516
-1.34538298741895
-1.50000032024905
-1.4999992719417
-1.50000066322535
-1.49999953219945
-1.5185513438151
-1.50000050569605
-1.50000023580695
-1.3688590259715
-1.4603802529611
-1.4939618127223
-1.49185254365155
-1.5000009101938
-1.51104329594805
-1.49999931670735
-1.41277500473335
-1.4999993335245
-1.48812332739815
-1.5000000720422
-1.4999997339719
-1.4114147992905
-1.4622361958526
-1.4913448963837
-1.4999997853291
-1.30787717126345
-1.50000016723135
-1.45762177007565
-1.44182416711215
-1.4752054836193
-1.4999996792663
-1.50000002990895
-1.448576584405
-1.4327198564066
-1.499999714357
-1.5000001322633
-1.50000098379415
-1.4999997761991
-1.49999991788995
-1.4137879629967
-1.49999954160065
-1.5000002875653
-1.49999978363565
-1.5000002483955
-1.4184266248225
-1.43032798376475
-1.493627207291
-1.4308970082543
-1.43008553248465
-1.5092461832802
-1.3374509242499
-1.5000002355396
-1.5000000784363
-1.5000001547053
-1.4999999698844
-1.31872435143
-1.4307616692638
-1.50000009178845
-1.37433605175965
-1.5000006238193
-1.4526856626556
-1.5000004830407
-1.5000002704734
-1.49999994784405
-1.50000014707065
-1.5000000708022
-1.50000020658985
-1.4431597624392
-1.50000013564045
-1.48866368667455
-1.49999945734505
-1.49999954688915
-1.49999857433145
-1.4121053136118
-1.4999999912866
-1.4935591438588
-1.5000003455997
-1.49913357236055
-1.50000064549555
-1.4926077492577
-1.44901232498675
-1.4166086549456
-1.4999999916956
-1.50000001857465
-1.4999999827324
-1.4635090076484
-1.5000004644541
-1.4999996935737
-1.4999997039113
-1.48017371896035
-1.4999998546418
-1.4999996372245
-1.4902320551691
-1.44993811190655
-1.49999946887545
-1.3430060318035
-1.4697707945137
-1.49999982663985
-1.49999945952905
-1.5020631785627
-1.50000035279755
-1.42876412380325
-1.4381602552666
-1.50000019549035
-1.4005701167041
-1.3625039562408
-1.4999992591647
-1.52591692288125
-1.437867618375
-1.3879705366588
-1.4999992569309
-1.50000053301055
-1.34490773921065
-1.50000016070215
-1.5000004657401
-1.49999953985155
-1.4718012436234
-1.4874741990642
-1.48007911018735
-1.49999937531565
-1.4999993923817
-1.3664925145466
-1.41894669285995
-1.4493408939766
-1.5000004537802
-1.4999989515311
-1.49999972665645
-1.4999998157772
-1.50000072785315
-1.50000042970535
-1.5000000171732
-1.500000441189
-1.50000043250015
-1.49999987952265
-1.4999999054325
-1.50000040269705
-1.4961115683756
-1.5000000528716
-1.5000004248488
-1.49999939030405
-1.4789371654306
-1.5000006996692
-1.38442814252045
-1.50254226375235
-1.35306262250125
-1.5000001051039
-1.45545259207775
-1.5000000307794
-1.40392920452175
-1.49999935991005
-1.49999961651385
-1.5000002571273
-1.50000001343785
-1.49999961739025
-1.500000901386
-1.500000558003
-1.4999994643555
-1.4046817130071
-1.50000044245
-1.5043219009477
-1.5000000638953
-1.44426206568075
-1.50000001924585
-1.5000002605723
-1.4999998059112
-1.49999952449335
-1.49999963303535
-1.41268581684285
-1.51480226252235
-1.5000000897987
-1.50000006987545
-1.49999965759035
-1.4554864903467
-1.49999966519255
-1.46716013398515
-1.44246177395295
-1.4999999802536
-1.43680517914065
-1.49929897006265
-1.50000078344195
-1.50000044136295
-1.4999997137555
-1.5000003618819
-1.5296506697805
-1.5000000954197
-1.49738386823165
-1.43601872082695
-1.42479931448035
-1.50000064937925
-1.49999998468065
-1.49999965954445
-1.4596874111276
-1.5000004161524
-1.50000029646345
-1.47692247564615
-1.4893952333052
-1.39932398827075
-1.49999999461385
-1.45073566841815
-1.40764038551245
-1.4287675702765
-1.4976555985457
-1.45933824793125
-1.50000029382095
-1.50000006956525
-1.4999999013719
-1.50000071190615
-1.49999991560845
-1.4999998176238
-1.4999991362506
-1.4999993776702
-1.50000004301605
-1.3454464595179
-1.50000022859065
-1.4999997683921
-1.41264379907155
-1.49936725240715
-1.50000049763395
-1.50000049386915
-1.4999993561875
-1.50000069337385
-1.4752325282926
-1.49999956713115
-1.4999997966382
-1.4176166086595
-1.4999999190329
-1.499999630999
-1.50000046604395
-1.4999998178713
-1.50000047631295
-1.49999989833315
-1.50000013092505
-1.50000007395335
-1.33789831125035
-1.5000002911868
-1.43027718538415
-1.37989007890195
-1.49999981684575
-1.5000008029212
-1.4615873513501
-1.45429747019355
-1.48970693947505
-1.4574036420564
-1.40646512515755
-1.4999996060922
-1.52782398244155
-1.49999962478765
-1.49999955157305
-1.4999998834317
-1.50000040529815
-1.4520596981847
-1.4999994331033
-1.499999849664
-1.47500898537725
-1.50000020408445
-1.5000001449533
-1.5000003236819
-1.48606086734645
-1.41757945470825
-1.45193655087105
-1.5014490029266
-1.4999993825762
-1.49999952486485
-1.49466786008415
-1.36881337807825
-1.4396250022185
-1.46578090314
-1.49999993229715
-1.49999961462825
-1.4138586474462
-1.3687557891075
-1.50000026693235
-1.39160308310325
-1.33283225586345
-1.4999996522683
-1.49999976502045
-1.4999998361044
-1.50000075498315
-1.5000004428392
-1.5000000260512
-1.40782846346025
-1.49999980179005
-1.3792095283564
-1.44193875744765
-1.4999997459069
-1.5000001922279
-1.5000006506646
-1.5000003318779
-1.3987052876918
-1.44710337871835
-1.5261832394617
-1.4999997221467
-1.4999994939039
-1.49999955874075
-1.5146724127854
-1.43872427826195
-1.44091898558975
-1.4999999335127
-1.5000003946914
-1.49999966566155
-1.4958191996331
-1.50000033326535
-1.4999998706959
-1.50000000478935
-1.50317152960195
-1.4999997331238
-1.50000004529715
-1.3642420879333
-1.4999999695741
-1.5000000521804
-1.43903746028835
-1.500000574969
-1.5000001904729
-1.5000001177261
-1.44993946236715
-1.50000062231215
-1.4999993474171
-1.3821785805499
-1.48566626844245
-1.4999992725111
-1.4739068638551
-1.50000059832625
-1.51366120556295
-1.43821257566265
-1.3971208028131
-1.3832890207308
-1.45532033401645
-1.499999347915
-1.4999998112293
-1.50000018545015
-1.5000007866282
-1.34627366259605
-1.45546542595795
-1.50000019632185
-1.50000019074575
-1.5000001541222
-1.49999972782205
-1.4999991443312
-1.5000000966803
-1.31988244702585
-1.499999874985
-1.4001004146929
-1.48195073697095
-1.50000015592465
-1.49203602669
-1.5000003140085
-1.3804338078942
-1.50000021593805
-1.35047939471885
-1.4999998731324
-1.49999945579065
-1.5000004665361
-1.50000130774235
-1.49999959131335
-1.50000014076075
-1.50000038769635
-1.50000047272945
-1.5000002700088
-1.4264690949937
-1.50000143491425
-1.5000003251371
-1.5000000847026
-1.49660136281635
-1.49664227136045
-1.50000020052595
-1.5000010500515
-1.5000002259344
-1.45531172289135
-1.50000002754385
-1.4999999390131
-1.49475020914045
-1.5000001823079
-1.4804525202242
-1.49999999786215
-1.5000008366992
-1.50000045993415
-1.34335445366815
-1.4786435885524
-1.4744110150483
-1.50000026666945
-1.50000025530025
-1.4963567132244
-1.3684677598455
-1.5000002876294
-1.50000032253785
-1.5000000504398
-1.5000000938466
-1.4995182078469
-1.35631779206905
-1.36019295833675
-1.5000000603634
-1.48701293508195
-1.4296110371634
-1.49999987599885
-1.4181660940795
-1.4626151774983
-1.50000007098115
-1.50000031047055
-1.39489985932845
-1.4029766827314
-1.4662531169321
-1.49999964639475
-1.4999994349491
-1.49999978194855
-1.319422484477
-1.50339095844095
-1.39789704778505
-1.3784317333385
-1.4819692237363
-1.5000006457609
-1.4999995610391
-1.4365787779873
-1.4999998059549
-1.5000000699163
-1.5000000624729
-1.4966489937683
-1.502535577039
-1.4999999427544
-1.40790345683735
-1.4893948835987
-1.47401962422735
-1.37531375936265
-1.4465972759346
-1.44348231238365
-1.49999960148765
-1.36184584413805
-1.47386321742245
-1.49999972463005
-1.4773522027174
-1.49238031040785
-1.5153153545829
-1.4999999558746
-1.49999981548
-1.5000002610856
-1.46503810070145
-1.48505050303275
-1.5000000611131
-1.50000036962315
-1.5000004784637
-1.33135325643995
-1.4999997293656
-1.5000000268643
-1.38709972146825
-1.4999996986747
-1.49999998168505
-1.4999998641605
-1.49999959208645
-1.50000009206165
-1.4999996981247
-1.47239667146785
-1.50000059118985
-1.37862698585095
-1.4999999302975
-1.4568499248501
-1.50000023507745
-1.49441915148865
-1.5000000511548
-1.3451170872903
-1.50000029032555
-1.50000034389545
-1.50000005819255
-1.50000062031595
-1.50000020535795
-1.4299813337789
-1.4999997244776
-1.49999976759955
-1.43478805602795
-1.49999974773415
-1.46359454896
-1.4324593177561
-1.49999940895005
-1.4793019212995
-1.46803614204805
-1.49999998782625
-1.50579073636285
-1.42655840936475
-1.5000002012825
-1.49999968065215
-1.4223222912582
-1.5000001571493
-1.4999999188208
-1.50000004642105
-1.4999999805631
-1.50000019850535
-1.50000029353895
-1.34967839764375
-1.5000000128354
-1.40695354691285
-1.49999960138565
-1.5000000663422
-1.5000000545753
-1.49999971879515
-1.50000001231615
-1.50000014841675
-1.49999997522635
-1.49999993223075
-1.5000006111639
-1.499999827316
-1.5000002230912
-1.4825915961853
-1.5000000687643
-1.50000076146035
-1.49999953920105
-1.4999999092826
-1.50000071708785
-1.500000605196
-1.5000005774464
-1.4999999560924
-1.3349787719377
-1.5000004632867
-1.4741205869589
-1.49999972335815
-1.5000005603579
-1.49977215371795
-1.48949408110485
-1.49999922812595
-1.4999996331584
-1.499999824927
-1.5000003225446
-1.4999994643456
-1.50000067339865
-1.4999996034464
-1.4999997944415
-1.4999994509952
-1.4999997630222
-1.39080992505075
-1.4654742408764
-1.34874593452365
-1.4999992432558
-1.50000112648265
-1.5000006131632
-1.49660828984165
-1.49999969453615
-1.4999995766954
-1.4999995231386
-1.5000000901346
-1.50000008774495
-1.465460364303
-1.50000035374275
-1.49999937497885
-1.4999998730338
-1.41116448262215
-1.45409381242525
-1.45781530105215
-1.49999994067935
-1.42373525635015
-1.4523706536639
-1.5000008064578
-1.49999984261665
-1.3849485306833
-1.49999968850935
-1.50000004679055
-1.42349181264095
-1.46904733825965
-1.5000000027783
-1.49999942145065
-1.4822698559585
-1.4795211897833
-1.45183664706985
-1.4999993631392
-1.49999938145745
-1.5000001510752
-1.4096435136361
-1.4127996432052
-1.4999997436688
-1.5000000964885
-1.44048371498575
-1.42022763367485
-1.4341252350548
-1.50000018471635
-1.50000034640745
-1.3580418058088
-1.49999969506275
-1.41860995201965
-1.5000005325589
-1.49999979255775
-1.42363138320925
-1.2521425573604
-1.5000001540447
-1.47545336680645
-1.5000010082092
-1.43882883442825
-1.43938263902645
-1.49999972354785
-1.41760775192665
-1.41847834199505
-1.4999999169449
-1.4561959436929
-1.50000012898955
-1.50000023043775
-1.4441679571596
-1.4999994512811
-1.14692973206345
-1.4997890090809
-1.5000001647468
-1.49999968231785
-1.4999999296648
-1.50000074023285
-1.49999981339125
-1.41970919430945
-1.4806012518887
-1.45209218453085
-1.4999994828353
-1.5000002875147
-1.49999986959765
-1.49999984627785
-1.49297927650165
-1.4999996788632
-1.49999936444265
-1.4999996954302
-1.50000022060805
-1.4902356602629
-1.50000056671225
-1.49999972287715
-1.4891166689652
-1.33479869832745
-1.49999975557695
-1.50783629703445
-1.42678322176935
-1.4635856071391
-1.4999997005621
-1.5000004824913
-1.49396287175905
-1.4999993474139
-1.5083595188644
-1.47333276156305
-1.5000001423652
-1.50000013977325
-1.41943052419585
-1.50000039841375
-1.5000005092385
-1.49999995265895
-1.45148945422845
-1.49999995691335
-1.53815003633935
-1.3489632641208
-1.4866009576355
-1.4559032103445
-1.5000000761351
-1.50000012031525
-1.39484424744455
-1.4506143606931
-1.39427811138115
-1.49999943462925
-1.5000004925842
-1.4340284154588
-1.5068205324079
-1.49999909683395
-1.4713861705435
-1.3623069784796
-1.50000003881145
-1.5000001939228
-1.4994863280011
-1.5000006948112
-1.50000044326275
-1.3714791532502
-1.44802920650025
-1.4606483901152
-1.5000001680062
-1.4629655161335
-1.47245632646085
-1.49999955665105
-1.4999996712205
-1.5000000050727
-1.5000000900509
-1.49999999859295
-1.50398479041495
-1.4473187399902
-1.4886642278162
-1.4999996631553
-1.5354735219961
-1.42148167764945
-1.43340139187765
-1.41177928591235
-1.4999999980117
-1.46315454705425
-1.5000005436943
-1.47630682076575
-1.5000005419555
-1.4999998107256
-1.49999999720865
-1.4999999500884
-1.49999956055605
-1.53690773107235
-1.43992752997825
-1.44676096866885
-1.47165169947035
-1.5213844678387
-1.42877048796885
-1.53771106530495
-1.48639353525845
-1.5000001781496
-1.4999995958885
-1.3318598597064
-1.4999997382506
-1.4556223560512
-1.49999972901335
-1.53376419854275
-1.49999992989935
-1.49999972494355
-1.49999899317565
-1.49999969947165
-1.4890333954532
-1.4768925425855
-1.49999998353685
-1.4307957610665
-1.4999994993895
-1.49999995353115
-1.49999992512405
-1.50000068295805
-1.4909287709187
-1.5000005417014
-1.4651040429284
-1.4789067851331
-1.50000052823885
-1.3949000369502
-1.4999995609519
-1.5000006418006
-1.3775499347659
-1.49999973984885
-1.4809412973961
-1.49999925466465
-1.50000058038565
-1.5000280009786
-1.40047657687795
-1.3446434453541
-1.49999965632115
-1.4999997791755
-1.50000042974995
-1.4999997572181
-1.4999994948198
-1.3636724889924
-1.5000003735822
-1.4999988691366
-1.50000007793815
-1.4999995290677
-1.4400754222107
-1.46010204814685
-1.50079411091695
-1.49999984277605
-1.3641774038557
-1.36809932395785
-1.49999972228665
-1.44919299354675
-1.49898395999275
-1.4999997081432
-1.50000110912625
-1.47382940257915
-1.4808896131012
-1.50000067559615
-1.4530273710734
-1.50000034930095
-1.33960452109455
-1.499999941227
-1.4279505028886
-1.50000039364265
-1.4999993615457
-1.41653054205915
-1.49414242843905
-1.5000001006992
-1.50000079766795
-1.5000002299666
-1.49669313990565
-1.50000018531875
-1.44056492289785
-1.4038826318855
-1.49999961570915
-1.43809484443955
-1.5000004843302
-1.4999993373553
-1.49999952901085
-1.49999974980935
-1.3896817963665
-1.4999996382101
-1.50000006207265
-1.4999995505155
-1.37799920995725
-1.50000048974365
-1.50000005127775
-1.4999995672219
-1.5000011744195
-1.4999994010725
-1.43247423774275
-1.49444907507205
-1.4999998597372
-1.37530214936265
-1.4999991372172
-1.5000007536438
-1.5000001507405
-1.50000010756865
-1.4999999354045
-1.49999982610795
-1.4536213557758
-1.4999996797534
-1.44888483729155
-1.4340431745945
-1.499999770767
-1.40216666045345
-1.5000004772746
-1.48953168417935
-1.4689813662482
-1.5199079338208
-1.3496066518101
-1.50000015046095
-1.4999996495037
-1.4999998812287
-1.50089550095765
-1.44018331373245
-1.4584500550392
-1.50000105310295
-1.50000067522525
-1.49999909134865
-1.49999995583075
-1.49999990019685
-1.4003658455652
-1.50000090715995
-1.44416831609745
-1.49999966991885
-1.46861841420895
-1.451841128052
-1.49999935960585
-1.4999998723325
-1.49078432859505
-1.4999998803386
-1.4125467576423
-1.4645110334751
-1.49030641158565
-1.5000001164774
-1.4999992551989
-1.38574754911315
-1.4950984257698
-1.49999954861215
-1.50000030845405
-1.40484838570255
-1.48816065715015
-1.4724294968231
-1.44238683839315
-1.4341820951292
-1.4023481616293
-1.4999994106748
-1.52889696012505
-1.49999945549465
-1.4999998831685
-1.4263256189281
-1.44551367148555
-1.49999970627045
-1.4806800387639
-1.49999981152125
-1.49999989223025
-1.43617806983415
-1.50000031140595
-1.5000001423959
-1.50000084542595
-1.50000025173145
-1.4054531899699
-1.4999998429931
-1.4999999176001
-1.4999999944024
-1.5000001922056
-1.51351558943515
-1.31915062221875
-1.42980370633135
-1.49999972084535
-1.4999997270385
-1.4608052844099
-1.44530738115745
-1.4034548553009
-1.3954690804171
-1.49999936446535
-1.50000018475855
-1.4018816704519
-1.49999981631715
-1.4999994909985
-1.48425570829005
-1.4394469444192
-1.4650204868555
-1.4480455394367
-1.4391806965582
-1.50000002921505
-1.4997939301669
-1.4999994561359
-1.50000056358945
-1.50000026856025
-1.5000002306107
-1.4999999609781
-1.50000048120115
-1.44902126670315
-1.5000005250416
-1.47056359249545
-1.49999981328395
-1.4999996450238
-1.47269800621385
-1.39053291018595
-1.49999959338535
-1.50000030148945
-1.49999984888575
-1.50000044941405
-1.4153431762079
-1.5000006092287
-1.5000002297
-1.4999995484313
-1.50000008085455
-1.49999990034525
-1.49451408032965
-1.5000002937398
-1.500000364898
-1.45267109182205
-1.50000019571075
-1.4626480664834
-1.4999999062267
-1.49999940911445
-1.4158002222278
-1.4848015048635
-1.4056301069363
-1.4319499003705
-1.50000016254985
-1.41374075944215
-1.4904639664633
-1.50000089133215
-1.49999946548415
-1.50000030531
-1.50000035476245
-1.48710930124055
-1.34188320745115
-1.50000017256465
-1.5000003608979
-1.4999998527132
-1.40562481204805
-1.393355846137
-1.5000001026658
-1.35033921151555
-1.5000004750211
-1.4999999442815
-1.500000024452
-1.4999996660946
-1.49999985523245
-1.49701870539475
-1.34843185778355
-1.4954679757962
-1.4088883395784
-1.50000019348045
-1.4999994671541
-1.3729150165863
-1.46553947064095
-1.4176836227184
-1.4999997042333
-1.49999999692395
-1.4585626108042
-1.4999998993634
-1.499999549195
-1.499999951089
-1.48489432506845
-1.49999988444375
-1.3846115037282
-1.50000003153235
-1.45695846114395
-1.5000004966507
-1.45041258266785
-1.367188655177
-1.49333368519635
-1.4999992903524
-1.4987699070368
-1.50000024588285
-1.50000082379095
-1.36916282837065
-1.4037065900765
-1.481111072312
-1.4999997292821
-1.49999942386495
-1.49999971048895
-1.50000018385975
-1.49666273086175
-1.49999957214625
-1.4999998285676
-1.49999967224135
-1.48781617068215
-1.4325890456502
-1.499999695617
-1.5000001631399
-1.4991934749045
-1.5000002865468
-1.4999991916066
-1.5000000303751
-1.51596499471065
-1.50000011639885
-1.49999952238395
-1.3900102200848
-1.5119084362973
-1.49999985816745
-1.49999965383365
-1.49999933756005
-1.5000006268773
-1.44765210956305
-1.49275935625445
-1.3881450461874
-1.4873493759596
-1.5000001887608
-1.4999999590461
-1.4999998427229
-1.418876629827
-1.49999973001685
-1.4439658224977
-1.49999978526475
-1.5000004329222
-1.49999986556015
-1.49999942581705
-1.49999995117255
-1.50000060079435
-1.4999993868895
-1.50000007372235
-1.49999938401495
-1.4999998248494
-1.46045932999115
-1.49999978988195
-1.34682902987575
-1.41693594192145
-1.4479228461369
-1.50000020576215
-1.46194805676195
-1.46059293235245
-1.50000021636835
-1.49356316368395
-1.5000005362597
-1.4999998039456
-1.34505569205905
-1.4840697968213
-1.5000003006298
-1.3888365399687
-1.5000007585497
-1.47508261359605
-1.4216224921979
-1.4999998601899
-1.4307585069137
-1.49999938314015
-1.5000003030515
-1.35802437709035
-1.5000000201411
-1.50000034803035
-1.46971711341065
-1.40927317963115
-1.38516738020035
-1.42771782902925
-1.4937806343398
-1.44559870953945
-1.37088783466
-1.49999992797265
-1.43345646369755
-1.4527025331948
-1.36852741366855
-1.5000002172824
-1.4210894370717
-1.41166943006275
-1.48906233486535
-1.49162658827115
-1.4999999210503
-1.4864162290889
-1.5000003942561
-1.37113223297985
-1.5000004741229
-1.49999989413995
-1.3783827225949
-1.50000040795385
-1.49085146626205
-1.50000084157035
-1.4999999249801
-1.4392449947754
-1.36995887117795
-1.500000743582
-1.5000000466831
-1.40871443980805
-1.5000002136874
-1.5000002310427
-1.5000003842589
-1.50000035355875
-1.49999973537965
-1.53049984707415
-1.499999865327
-1.50000077253715
-1.4999999661779
-1.49999945290085
-1.4999995359494
-1.4999993638757
-1.50000062319885
-1.49183346166355
-1.40150963902305
-1.50000018004975
-1.47555298529685
-1.43152907118435
-1.4981066694595
